0
0.0494574217408965
0.0423283390663513
0.0557428577587619
0.0455532766301454
0.0482647070676575
0.0488331723175072
0.049803221939451
0.0517733540944686
0.0369891344270352
0.0537989649107178
0.0373405535831705
0.0327952137563027
0.0419879239006408
0.0249686381415015
0.0317599870556046
0.0143691668631568
0.0137563185044344
0.0261842287438255
0.0205632782896594
0.0204650932771091
0.0203775624614102
0.0200746239607119
0.0231717364811037
0.0282535324791669
0.0257242377267071
0.00301370767190289
0.019949072327029
0.0199548923851843
0.0163168340394228
0.0116914779671774
