0
0.0495782412191485
0.0515312600294256
0.0507479989985253
0.0479499306734763
0.0459635397851118
0.0481936316968235
0.0530727535240807
0.0513437427005121
0.0423322934147913
0.0355334898282569
0.0430226159413206
0.0351177512851842
0.0279473986744006
0.0440301829986804
0.0156985389872752
0.0215715172955226
0.0173620020973412
0.0238323444744979
0.0169074106878033
0.0122243787026312
0.0121215750246122
0.0119544475683168
0.0201531963169812
0.0281692334588156
0.0200299525566946
0.025700338925736
0.032342207839657
0.0228854784119819
0.019801228116814
0.0197756369737483
