0
0.0344366160252058
0.0506442086907786
0.0683176050862489
0.0402609995510556
0.0471937237126693
0.0561604194708358
0.0578087718723854
0.0438137728918714
0.0400084870749062
0.0488967999721866
0.0520315038355443
0.0358566604005612
0.0312804454591848
0.0309121144169933
0.00883279608579796
0.017032177683711
0.0171868158501731
0.020401763025674
0.0285365270754574
0.0233266953361179
0.0165749506019575
0.0200740131155963
0.0200734333458576
0.0229578171250008
0.0164034806052681
0.00219532222207318
0.0199280080868674
0.0163024316796366
0.0228743157875648
0.0162067173918653
