0
0.0463841005265358
0.0579658089977286
0.0589833899267664
0.0563318077256119
0.0550888447844628
0.0455096985204572
0.0471199671608404
0.0483130827501351
0.0472098148311536
0.0521401541745476
0.0549306520527206
0.0354899239091068
0.022974573184906
0.0245053367149444
0.0209050731047986
0.0127869719030067
0.023487875677691
0.0203168930776031
0.0165559658920762
0.0121997849188215
0.00348111698487451
0.0167109503821048
0.0163875947377204
0.0199645787693947
0.0229554640284302
0.0116501894787274
0.0162446787593748
0.0255757901333143
0.0114692768792328
0.0197794432798987
