0
1.03591428130591
0.766720201273953
0.440270944036939
0.362862066738165
0.346133469140745
0.339597402030627
0.336239584681016
0.334237669072319
0.332926095956656
0.332008335612261
0.331333819834657
0.330818673428912
0.330412835626528
0.330084793067549
0.329813850055771
0.329585937184596
0.329391208860165
0.329222602231796
0.32907493987629
0.328944353323725
0.328827902537553
0.32872331848861
0.328628824966976
0.328543012628044
0.328464748341829
0.328393109022083
0.328327332838064
0.328266783004423
0.328210920784431
0.328159285280366
0.32811147822742
0.328067152468818
0.328026003132471
0.327987760788047
0.327952186058494
0.327919065305948
0.327888207119405
0.327859439409429
0.327832606970759
0.327807569412942
0.327784199386488
0.327762381051175
0.327742008746386
0.327722985832681
0.327705223680306
0.32768864078505
0.327673161995238
0.327658717836105
0.327645243919748
0.327632680430254
0.327620971674827
0.327610065692702
0.327599913914459
0.327590470865138
0.327581693905223
0.327573543004193
0.327565980541947
0.327558971133978
0.327552481476658
0.32754648020953
0.327540937791893
0.327535826391414
0.327531119782847
0.327526793255254
0.327522823526402
0.327519188663279
0.327515868007838
0.327512842107277
0.327510092648308
0.327507602394964
0.327505355129614
0.327503335596902
0.327501529450415
0.3274999232019
0.327498504172904
0.327497260448729
0.327496180834599
0.327495254813977
0.32749447250894
0.327493824642554
0.327493302503191
0.327492897910698
0.327492603184379
0.327492411112716
0.327492314924753
0.327492308263092
0.327492385158425
0.327492540005535
0.327492767540705
0.327493062820461
0.327493421201591
0.327493838322371
0.327494310084932
0.327494832638715
0.327495402364952
0.327496015862108
0.327496669932242
0.327497361568219
0.327498087941735
0.327498846392104
0.327499634415753
0.32750044965639
0.327501289895802
0.327502153045242
0.327503037137364
0.327503940318688
0.327504860842533
0.32750579706242
0.32750674742589
0.327507710468726
0.327508684809541
0.327509669144718
0.32751066224368
0.327511662944457
0.327512670149542
0.327513682822011
0.327514699981899
0.327515720702802
0.327516744108696
0.32751776937097
0.327518795705639
0.327519822370742
0.327520848663897
0.327521873920029
0.327522897509227
0.327523918834744
0.327524937331129
0.327525952462467
0.327526963720743
0.327527970624297
0.327528972716392
0.327529969563856
0.327530960755824
0.327531945902547
0.327532924634286
0.327533896600269
0.327534861467714
0.327535818920914
0.327536768660379
0.327537710402027
0.327538643876432
0.327539568828109
0.327540485014852
0.327541392207102
0.327542290187362
0.327543178749642
0.327544057698938
0.327544926850742
0.327545786030581
0.32754663507358
0.327547473824057
0.32754830213513
0.327549119868361
0.327549926893403
0.327550723087683
0.327551508336085
0.327552282530671
0.327553045570396
0.327553797360851
0.327554537814017
0.327555266848025
0.327555984386939
0.327556690360541
0.327557384704128
0.327558067358325
0.327558738268893
0.327559397386564
0.327560044666867
0.327560680069971
0.327561303560532
0.327561915107547
0.327562514684211
0.327563102267786
0.327563677839467
0.327564241384262
0.327564792890871
0.327565332351564
0.327565859762076
0.3275663751215
0.327566878432176
0.327567369699595
0.327567848932299
0.327568316141788
0.327568771342424
0.327569214551346
0.327569645788381
0.327570065075956
0.327570472439023
0.327570867904971
0.327571251503549
0.327571623266794
0.327571983228953
0.327572331426405
0.327572667897599
0.327572992682979
0.327573305824912
0.327573607367627
0.327573897357147
0.327574175841223
0.32757444286927
0.327574698492311
0.327574942762909
0.32757517573511
0.327575397464385
0.327575608007572
0.327575807422818
0.327575995769526
0.327576173108299
0.327576339500884
0.327576495010124
0.327576639699902
0.327576773635095
0.327576896881517
0.327577009505877
0.327577111575727
0.327577203159415
0.32757728432604
0.327577355145404
0.32757741568797
0.327577466024818
0.327577506227597
0.32757753636849
0.327577556520169
0.327577566755752
0.327577567148769
0.327577557773118
0.327577538703028
0.327577510013026
0.327577471777893
0.327577424072635
0.327577366972443
0.327577300552664
0.327577224888764
0.327577140056295
0.327577046130867
0.327576943188114
0.327576831303663
0.32757671055311
0.327576581011986
0.32757644275573
0.327576295859664
0.327576140398965
0.327575976448642
0.327575804083508
0.327575623378155
0.327575434406938
0.327575237243945
0.327575031962975
0.327574818637524
0.327574597340757
0.327574368145492
0.327574131124181
0.327573886348892
0.327573633891286
0.327573373822608
0.327573106213666
0.327572831134816
0.327572548655948
0.327572258846468
0.327571961775289
0.327571657510817
0.327571346120932
0.327571027672985
0.327570702233782
0.327570369869573
0.327570030646039
0.32756968462829
0.327569331880848
0.327568972467641
0.327568606451996
0.327568233896628
0.327567854863637
0.327567469414496
0.327567077610047
0.327566679510499
0.327566275175413
0.327565864663706
0.32756544803364
0.327565025342823
0.3275645966482
0.32756416200605
0.327563721471986
0.327563275100951
0.327562822947212
0.32756236506436
0.32756190150531
0.327561432322294
0.327560957566866
0.327560477289894
0.327559991541565
0.327559500371381
0.327559003828157
0.327558501960025
0.327557994814431
0.327557482438136
0.327556964877215
0.327556442177058
0.327555914382375
0.327555381537186
0.327554843684836
0.327554300867982
0.327553753128604
0.327553200508005
0.327552643046806
0.327552080784955
0.327551513761723
0.327550942015711
0.327550365584845
0.327549784506383
0.327549198816916
0.327548608552367
0.327548013747995
0.327547414438398
0.32754681065751
0.327546202438609
0.327545589814316
0.327544972816595
0.327544351476758
0.327543725825465
0.327543095892726
0.327542461707903
0.327541823299714
0.327541180696229
0.327540533924877
0.327539883012444
0.327539227985078
0.327538568868287
0.327537905686941
0.327537238465276
0.327536567226893
0.327535891994757
0.327535212791204
0.327534529637933
0.327533842556017
0.327533151565898
0.327532456687385
0.327531757939661
0.327531055341281
0.327530348910168
0.327529638663621
0.327528924618308
0.32752820679027
0.327527485194922
0.327526759847046
0.3275260307608
0.32752529794971
0.327524561426674
0.327523821203958
0.327523077293201
0.327522329705404
0.327521578450941
0.32752082353955
0.327520064980335
0.327519302781762
0.327518536951663
0.32751776749723
0.327516994425016
0.327516217740932
0.327515437450247
0.327514653557587
0.32751386606693
0.327513074981609
0.327512280304308
0.327511482037062
0.32751068018125
0.327509874737605
0.327509065706199
0.327508253086451
0.327507436877123
0.327506617076318
0.327505793681477
0.327504966689383
0.327504136096157
0.327503301897255
0.32750246408747
0.327501622660933
0.327500777611109
0.327499928930798
0.327499076612134
0.327498220646588
0.327497361024968
0.327496497737414
0.327495630773408
0.327494760121765
0.327493885770645
0.327493007707545
0.327492125919306
0.327491240392115
0.327490351111507
0.327489458062365
0.327488561228929
0.327487660594793
0.327486756142914
0.327485847855612
0.327484935714576
0.327484019700869
0.327483099794933
0.327482175976592
0.327481248225061
0.327480316518947
0.327479380836261
0.327478441154417
0.327477497450243
0.327476549699988
0.327475597879326
0.327474641963361
0.32747368192664
0.327472717743153
0.327471749386344
0.327470776829116
0.327469800043839
0.327468819002351
0.327467833675973
0.327466844035506
0.327465850051243
0.327464851692969
0.327463848929971
0.327462841731035
0.327461830064457
0.32746081389804
0.327459793199098
0.327458767934458
0.327457738070459
0.32745670357295
0.327455664407292
0.327454620538351
0.327453571930497
0.327452518547595
0.327451460353001
0.327450397309552
0.327449329379559
0.327448256524792
0.327447178706468
0.327446095885238
0.327445008021171
0.327443915073729
0.327442817001756
0.327441713763452
0.327440605316346
0.327439491617276
0.327438372622357
0.32743724828695
0.327436118565636
0.327434983412173
0.327433842779469
0.327432696619537
0.32743154488346
0.327430387521343
0.327429224482278
0.327428055714286
0.32742688116428
0.327425700778009
0.327424514500011
0.327423322273555
0.32742212404059
0.32742091974169
0.327419709315991
0.32741849270114
0.327417269833229
0.327416040646737
0.327414805074469
0.32741356304749
0.327412314495069
0.327411059344607
0.327409797521583
0.327408528949482
0.327407253549737
0.327405971241666
0.327404681942407
0.32740338556686
0.327402082027623
0.327400771234937
0.327399453096628
0.327398127518045
0.327396794402019
0.327395453648799
0.327394105156013
0.32739274881862
0.327391384528864
0.327390012176241
0.327388631647464
0.327387242826429
0.327385845594193
0.327384439828955
0.327383025406036
0.327381602197877
0.327380170074027
0.32737872890116
0.327377278543071
0.327375818860708
0.327374349712189
0.327372870952844
0.327371382435256
0.327369884009313
0.327368375522276
0.327366856818853
0.32736532774128
0.327363788129423
0.327362237820883
0.327360676651125
