0
1.08184939719596
0.792986239478682
0.600231924849291
0.569288296757651
0.561900292155643
0.558969006965735
0.557440543293657
0.556497324434764
0.555846032473785
0.555360120954818
0.554977188086816
0.55466304453255
0.554397297371271
0.554166926748917
0.553963164642526
0.55377986081482
0.553612568888296
0.553458004705817
0.553313709599566
0.553177833052932
0.553048987972014
0.552926150946093
0.552808589966752
0.552695807962384
0.552587494516787
0.552483481341377
0.552383699800152
0.552288140955634
0.552196819954512
0.552109746930329
0.55202690604941
0.551948243212478
0.551873661714572
0.551803024250231
0.551736159217814
0.551672869307083
0.55161294070092
0.551556151708324
0.551502280129671
0.551451109053613
0.551402431067964
0.55135605103933
0.55131178770042
0.551269474306423
0.551228958606804
0.551190102344431
0.551152780452941
0.55111688008305
0.551082299553069
0.551048947289815
0.551016740803335
0.550985605721929
0.550955474901674
0.550926287616306
0.550897988827706
0.550870528533816
0.550843861188876
0.550817945189927
0.550792742423237
0.550768217864488
0.550744339226894
0.550721076651897
0.550698402437628
0.550676290800775
0.550654717667987
0.550633660493359
0.5506130980989
0.55059301053521
0.550573378959904
0.550554185531548
0.55053541331711
0.550517046211162
0.550499068865216
0.550481466625785
0.550464225479921
0.550447332007096
0.550430773336496
0.550414537108849
0.550398611442106
0.55038298490032
0.550367646465258
0.550352585510277
0.550337791776159
0.550323255348612
0.550308966637226
0.550294916355742
0.550281095503502
0.550267495348016
0.550254107408582
0.550240923440948
0.550227935422989
0.550215135541391
0.550202516179356
0.550190069905315
0.550177789462645
0.550165667760387
0.550153697864942
0.550141872992723
0.550130186503727
0.550118631895984
0.550107202800832
0.55009589297897
0.550084696317212
0.550073606825882
0.550062618636791
0.550051726001706
0.550040923291262
0.550030204994229
0.550019565717091
0.550009000183849
0.549998503236029
0.549988069832795
0.549977695051171
0.549967374086293
0.549957102251679
0.549946874979487
0.54993668782072
0.549926536445391
0.549916416642603
0.549906324320556
0.54989625550647
0.549886206346426
0.549876173105108
0.54986615216548
0.549856140028375
0.549846133312018
0.549836128751486
0.549826123198108
0.549816113618823
0.549806097095497
0.549796070824208
0.549786032114504
0.54977597838865
0.549765907180859
0.549755816136521
0.549745703011422
0.549735565670976
0.549725402089454
0.549715210349221
0.549704988639979
0.549694735258022
0.549684448605485
0.549674127189608
0.549663769621998
0.549653374617886
0.549642940995381
0.549632467674714
0.549621953677471
0.549611398125795
0.549600800241581
0.54959015934562
0.549579474856726
0.549568746290804
0.549557973259882
0.549547155471085
0.54953629272555
0.549525384917273
0.549514432031893
0.549503434145397
0.549492391422741
0.549481304116402
0.549470172564828
0.549458997190809
0.549447778499749
0.549436517077849
0.549425213590191
0.549413868778731
0.54940248346019
0.549391058523857
0.549379594929293
0.549368093703941
0.549356555940659
0.54934498279515
0.549333375483325
0.54932173527858
0.549310063508999
0.549298361554499
0.549286630843898
0.549274872851942
0.549263089096275
0.549251281134366
0.5492394505604
0.54922759900215
0.549215728117811
0.549203839592834
0.549191935136742
0.54918001647996
0.549168085370635
0.549156143571484
0.549144192856654
0.549132235008616
0.549120271815085
0.549108305065993
0.549096336550487
0.549084368053995
0.549072401355345
0.549060438223939
0.549048480416995
0.549036529676861
0.549024587728399
0.549012656276451
0.549000737003378
0.54898883156669
0.548976941596758
0.548965068694615
0.548953214429849
0.548941380338592
0.548929567921595
0.548917778642409
0.548906013925663
0.548894275155431
0.548882563673713
0.548870880779005
0.54885922772498
0.548847605719263
0.548836015922315
0.548824459446415
0.54881293735474
0.548801450660564
0.54879000032653
0.548778587264053
0.5487672123328
0.548755876340279
0.548744580041523
0.54873332413887
0.548722109281836
0.548710936067083
0.548699805038476
0.548688716687223
0.548677671452112
0.548666669719817
0.548655711825297
0.548644798052268
0.548633928633746
0.548623103752667
0.548612323542574
0.548601588088368
0.548590897427125
0.548580251548966
0.548569650397993
0.548559093873261
0.548548581829816
0.548538114079771
0.548527690393422
0.548517310500408
0.548506974090905
0.548496680816858
0.548486430293233
0.548476222099306
0.548466055779976
0.54845593084709
0.548445846780804
0.548435803030945
0.548425799018401
0.548415834136515
0.548405907752492
0.548396019208828
0.548386167824719
0.548376352897508
0.54836657370412
0.5483568295025
0.548347119533061
0.548337443020139
0.548327799173435
0.548318187189476
0.548308606253068
0.548299055538756
0.548289534212286
0.548280041432063
0.54827057635063
0.548261138116131
0.548251725873796
0.548242338767426
0.548232975940887
0.548223636539619
0.548214319712151
0.548205024611633
0.548195750397384
0.548186496236462
0.548177261305248
0.548168044791054
0.548158845893763
0.548149663827488
0.548140497822263
0.54813134712577
0.548122211005089
0.548113088748495
0.548103979667279
0.548094883097614
0.548085798402453
0.548076724973462
0.548067662232997
0.548058609636095
0.548049566672517
0.548040532868804
0.54803150779035
0.548022491043504
0.548013482277663
0.548004481187375
0.547995487514421
0.547986501049874
0.547977521636118
0.547968549168815
0.547959583598799
0.547950624933876
0.547941673240516
0.547932728645413
0.547923791336886
0.547914861566101
0.547905939648086
0.547897025962517
0.547888120954241
0.547879225133521
0.547870339075958
0.547861463422092
0.547852598876632
0.547843746207303
0.547834906243299
0.547826079873304
0.547817268043088
0.547808471752653
0.547799692052929
0.547790930042023
0.547782186861006
0.547773463689279
0.547764761739503
0.547756082252122
0.54774742648952
0.547738795729827
0.547730191260411
0.547721614371115
0.547713066347282
0.547704548462592
0.547696061971825
0.547687608103548
0.547679188052826
0.54767080297401
0.547662453973661
0.54765414210367
0.547645868354648
0.547637633649634
0.547629438838172
0.547621284690827
0.54761317189416
0.547605101046232
0.54759707265263
0.547589087123102
0.547581144768757
0.547573245799892
0.547565390324429
0.547557578346969
0.547549809768448
0.547542084386407
0.547534401895806
0.547526761890418
0.547519163864726
0.547511607216311
0.547504091248684
0.547496615174532
0.547489178119322
0.547481779125228
0.547474417155331
0.547467091098057
0.547459799771785
0.547452541929615
0.547445316264222
0.547438121412782
0.547430955961908
0.547423818452588
0.547416707385067
0.54740962122366
0.54740255840147
0.547395517324973
0.547388496378478
0.547381493928411
0.547374508327445
0.547367537918433
0.547360581038165
0.54735363602092
0.547346701201831
0.547339774920045
0.547332855521689
0.547325941362648
0.547319030811149
0.547312122250166
0.547305214079649
0.547298304718591
0.54729139260693
0.547284476207308
0.547277554006688
0.547270624517845
0.547263686280731
0.547256737863736
0.547249777864845
0.547242804912708
0.547235817667618
0.547228814822424
0.547221795103371
0.547214757270878
0.547207700120269
0.547200622482443
0.547193523224512
0.547186401250391
0.547179255501354
0.54717208495655
0.547164888633488
0.547157665588496
0.547150414917132
0.547143135754576
0.547135827275976
0.547128488696766
0.547121119272935
0.547113718301257
0.547106285119479
0.547098819106447
0.547091319682184
0.547083786307907
0.547076218485977
0.547068615759776
0.547060977713514
0.547053303971949
0.547045594200025
0.547037848102415
0.547030065422978
0.547022245944106
0.54701438948597
0.547006495905673
0.546998565096277
0.546990596985738
0.54698259153572
0.546974548740305
0.546966468624598
0.546958351243223
0.546950196678721
0.54694200503985
0.546933776459797
0.546925511094304
0.546917209119718
0.546908870730979
0.546900496139552
0.546892085571305
0.546883639264363
0.546875157466944
0.546866640435171
0.54685808843091
0.546849501719618
0.546840880568223
0.546832225243064
0.546823536007878
0.546814813121879
0.54680605683792
0.546797267400758
0.546788445045436
0.546779589995792
0.546770702463109
0.5467617826449
0.546752830723864
0.546743846866995
0.546734831224857
0.546725783931037
0.546716705101771
0.546707594835747
0.546698453214085
0.546689280300494
0.546680076141607
0.546670840767483
0.546661574192278
0.546652276415083
0.546642947420908
0.546633587181824
0.546624195658247
0.546614772800349
0.546605318549603
0.546595832840439
0.54658631560201
0.546576766760059
0.546567186238874
0.546557573963328
0.546547929860987
0.546538253864292
0.546528545912785
0.546518805955401
0.546509033952788
0.546499229879676
0.546489393727263
0.546479525505643
0.546469625246235
0.546459693004239
0.546449728861106
0.546439732927
0.546429705343281
0.546419646284976
0.546409555963256
0.546399434627902
0.546389282569768
0.546379100123229
0.546368887668619
0.546358645634651
0.546348374500814
0.546338074799756
