0
0.110881942727545
0.0551786380092498
0.0554279758609634
0.0489165544089119
0.0417434586452951
0.0374719133264431
0.0417710498223878
0.0362898901278287
0.0378165435068934
0.0359033629299089
0.0393402852003079
0.0356418317284566
0.0423894209024388
0.0314785526089369
0.0406385639129931
0.0291423227594632
0.0371799611335281
0.0452059284501364
0.0312005409323994
0.0451264880949496
0.0238418030450938
0.0435995955890156
0.0288657590192541
0.0369197998998388
0.0331042023783687
0.0350480021338839
0.0350154376584789
0.0350107650991534
0.0330451079057697
0.0349659784950475
