0
0.099600373543221
0.0515338375784729
0.0513809544546618
0.045456419188321
0.0567613605493395
0.03680380006624
0.00748727156465741
0.00646967996141525
0.00596614923471996
0.00553839738057645
0.00527642327431308
0.0050688722313748
0.00482835215294689
0.00466708950154814
0.00451681865126205
0.00435541580869011
0.00420950522595997
0.00415205605600966
0.00403342185140835
0.00389440798412451
0.00379565257926175
0.00373089656316311
0.00366917458466
0.00356499620997521
0.00348407120708462
0.00337128161288233
0.00337914638414801
0.00329267338862331
0.00328073268627972
0.00319903640580222
