0
0.0735430336254315
0.0590608963996266
0.0499311713432083
0.0475872212314609
0.00935685854042678
0.00778290953701058
0.00698798183733845
0.00640988096777979
0.00603103614155271
0.00567322996047389
0.00538209646387959
0.00519746754750417
0.00498307176942795
0.0047547070485385
0.00460169433425321
0.00443103407800473
0.00430801144732008
0.00421153998089942
0.00411304233626137
0.00397071540212672
0.00390707395025278
0.0037921633334814
0.00369741505221417
0.00363700146600404
0.00355946446574485
0.00351069225932732
0.00345953908952953
0.00337830079142087
0.0033283368928293
0.00325646759013207
