0
0.147868787910954
0.0466161870357587
0.0563961213741756
0.0588487171697804
0.0481488522749365
0.0480777882413617
0.0450789500010737
0.0368952004846071
0.00715675964080633
0.00630555970310035
0.00567469720018117
0.00525336554417412
0.00486913900085264
0.0047739761297312
0.00447225351168597
0.00426203135593382
0.00417860703558324
0.00400094220907246
0.00387941109738827
0.00381868790407126
0.00362191614804737
0.00353015357172491
0.00349214722639788
0.00341403237582673
0.00335713297495932
0.00331473147244426
0.00318711355875447
0.00313339979534581
0.00310480858018087
0.00307854784162278
