0.00000000000000E+0000      9.63590724541833E-0001
 9.63590724541833E-0001      9.46817700462495E-0001
 9.46817700462495E-0001     -2.67238181032550E-0001
-2.67238181032550E-0001     -5.40056323304272E-0001
-5.40056323304272E-0001     -9.87971471513423E-0001
-9.87971471513423E-0001     -9.56559867187776E-0001
-9.56559867187776E-0001     -2.34727240923608E-0001
-2.34727240923608E-0001      4.83590314406698E-0001
 4.83590314406698E-0001      8.69735418932883E-0001
 8.69735418932883E-0001     -6.88020006512618E-0002
-6.88020006512618E-0002     -5.37572318482120E-0001
-5.37572318482120E-0001     -8.71077640952854E-0001
-8.71077640952854E-0001     -1.67576097078462E-0001
-1.67576097078462E-0001      6.95009571093076E-0001
 6.95009571093076E-0001      9.97738776544562E-0001
 9.97738776544562E-0001      6.49685989370250E-0001
 6.49685989370250E-0001     -9.53762648235336E-0001
-9.53762648235336E-0001     -9.50120221742807E-0001
-9.50120221742807E-0001      4.16716847485925E-0001
 4.16716847485925E-0001      2.95066119848703E-0001
 2.95066119848703E-0001      6.76269083571341E-0002
 6.76269083571341E-0002     -2.00976238567225E-0001
-2.00976238567225E-0001     -9.30680528535980E-0001
-9.30680528535980E-0001     -9.01359548366075E-0001
-9.01359548366075E-0001      4.32615383053400E-0002
 4.32615383053400E-0002      3.31718773027828E-0001
 3.31718773027828E-0001      9.02007458784865E-0001
 9.02007458784865E-0001      9.51928060088609E-0001
 9.51928060088609E-0001      8.57964382337645E-0002
 8.57964382337645E-0002     -4.06046106779338E-0001
-4.06046106779338E-0001     -6.72412478061931E-0001
-6.72412478061931E-0001      4.12812759080373E-0001
 4.12812759080373E-0001      6.06760821271711E-0001
 6.06760821271711E-0001      6.15812495225979E-0001
 6.15812495225979E-0001     -2.21296548611900E-0001
-2.21296548611900E-0001     -6.46841915216835E-0001
-6.46841915216835E-0001     -9.79758504206593E-0001
-9.79758504206593E-0001     -5.68465158805118E-0001
-5.68465158805118E-0001      9.83442886250902E-0001
 9.83442886250902E-0001      9.97471117555525E-0001
 9.97471117555525E-0001      8.59962482135419E-0002
 8.59962482135419E-0002     -1.58631690866153E-0001
-1.58631690866153E-0001      2.82321372984226E-0003
 2.82321372984226E-0003      6.59548480264464E-0001
 6.59548480264464E-0001      9.14146755985338E-0001
 9.14146755985338E-0001      8.55812882439589E-0001
 8.55812882439589E-0001      5.38085844887933E-0001
 5.38085844887933E-0001      6.03784591832348E-0002
 6.03784591832348E-0002     -5.07386053246163E-0001
-5.07386053246163E-0001     -7.92934400076762E-0001
-7.92934400076762E-0001      4.77723155699149E-0001
 4.77723155699149E-0001      5.78419333091353E-0001
 5.78419333091353E-0001      2.81687919388228E-0003
 2.81687919388228E-0003     -9.16495865991685E-0001
-9.16495865991685E-0001     -9.32860244352650E-0001
-9.32860244352650E-0001      8.81647932009984E-0002
 8.81647932009984E-0002      8.47015953149038E-0001
 8.47015953149038E-0001      8.85921615871251E-0001
 8.85921615871251E-0001      5.43982613132382E-0001
 5.43982613132382E-0001     -4.76375867070750E-0002
-4.76375867070750E-0002     -7.54700442988659E-0001
-7.54700442988659E-0001     -9.74325938605729E-0001
-9.74325938605729E-0001     -6.83107342397716E-0001
-6.83107342397716E-0001      5.42579541017112E-0001
 5.42579541017112E-0001      5.18922506969386E-0001
 5.18922506969386E-0001     -8.46872629562890E-0001
-8.46872629562890E-0001     -9.77057144989902E-0001
-9.77057144989902E-0001     -9.99032308132793E-0001
-9.99032308132793E-0001     -8.96382569285684E-0001
-8.96382569285684E-0001      1.11108396030524E-0001
 1.11108396030524E-0001      3.00967353615206E-0001
 3.00967353615206E-0001     -1.06757750803524E-0001
-1.06757750803524E-0001     -9.97527907911696E-0001
-9.97527907911696E-0001     -9.99549432130466E-0001
-9.99549432130466E-0001      5.65914504459267E-0001
 5.65914504459267E-0001      9.99895158020043E-0001
 9.99895158020043E-0001      7.67083143410689E-0001
 7.67083143410689E-0001     -4.02075155362884E-0001
-4.02075155362884E-0001     -9.90754641056700E-0001
-9.90754641056700E-0001     -7.92993724312622E-0001
-7.92993724312622E-0001      2.91025391525995E-0001
 2.91025391525995E-0001      9.15021097452705E-0001
 9.15021097452705E-0001      9.71736593530472E-0001
 9.71736593530472E-0001      7.44710380589553E-0001
 7.44710380589553E-0001      4.24642601698340E-0001
 4.24642601698340E-0001     -9.70517418923954E-0001
-9.70517418923954E-0001     -9.83991880514012E-0001
-9.83991880514012E-0001      6.12555333360900E-0002
 6.12555333360900E-0002      1.69695979138719E-0001
 1.69695979138719E-0001      2.75364185335177E-0001
 2.75364185335177E-0001      3.35536478691127E-0001
 3.35536478691127E-0001     -9.88040052456565E-0001
-9.88040052456565E-0001     -9.91712426655090E-0001
-9.91712426655090E-0001      6.56232268221273E-0001
 6.56232268221273E-0001      9.94573315958621E-0001
 9.94573315958621E-0001      6.90167511778106E-0001
 6.90167511778106E-0001      3.14027255315839E-0001
 3.14027255315839E-0001     -4.43899607049519E-0001
-4.43899607049519E-0001     -7.92656392034552E-0001
-7.92656392034552E-0001     -7.42355580254989E-0001
-7.42355580254989E-0001      2.21093626017972E-0001
 2.21093626017972E-0001      6.07410839157465E-0001
 6.07410839157465E-0001      4.92385016947843E-0001
 4.92385016947843E-0001     -7.24247246351485E-0001
-7.24247246351485E-0001     -4.02381027102491E-0001
-4.02381027102491E-0001      1.80452818372636E-0001
 1.80452818372636E-0001      8.65631815360629E-0001
 8.65631815360629E-0001      9.59789752963251E-0001
 9.59789752963251E-0001      9.91217130099197E-0001
 9.91217130099197E-0001      8.09685423517545E-0001
 8.09685423517545E-0001     -6.62112295655563E-0001
-6.62112295655563E-0001     -6.64564777861787E-0001
-6.64564777861787E-0001      7.84976932043035E-0001
 7.84976932043035E-0001      9.99631540990834E-0001
 9.99631540990834E-0001      8.46389106309533E-0001
 8.46389106309533E-0001      6.95404437706035E-0001
 6.95404437706035E-0001      1.20969682385566E-0001
 1.20969682385566E-0001     -8.04809918847741E-0001
-8.04809918847741E-0001     -9.74390415933413E-0001
-9.74390415933413E-0001     -2.50532309063664E-0001
-2.50532309063664E-0001      5.63140691259941E-0001
 5.63140691259941E-0001      9.59113258881766E-0001
 9.59113258881766E-0001      3.06726697206616E-0001
 3.06726697206616E-0001     -7.16313029203380E-0001
-7.16313029203380E-0001     -9.98676380039739E-0001
-9.98676380039739E-0001     -6.15457328014858E-0001
-6.15457328014858E-0001      9.85376217205222E-0001
 9.85376217205222E-0001      9.78947024462171E-0001
 9.78947024462171E-0001     -2.09424672708610E-0001
-2.09424672708610E-0001     -2.12542666881803E-0001
-2.12542666881803E-0001      5.18290831894994E-0002
 5.18290831894994E-0002      6.57764239770394E-0001
 6.57764239770394E-0001      9.01297956712934E-0001
 9.01297956712934E-0001      8.81393951052715E-0001
 8.81393951052715E-0001      6.21257381636743E-0001
 6.21257381636743E-0001      8.03755299502974E-0002
 8.03755299502974E-0002     -3.21770736080695E-0001
-3.21770736080695E-0001     -5.29940612603499E-0001
-5.29940612603499E-0001      8.26953140485347E-0001
 8.26953140485347E-0001      8.33502294565760E-0001
 8.33502294565760E-0001     -4.53521367730512E-0001
-4.53521367730512E-0001     -9.99958426928304E-0001
-9.99958426928304E-0001     -9.53164177378282E-0001
-9.53164177378282E-0001      4.64750116763710E-0001
 4.64750116763710E-0001      9.95954981063717E-0001
 9.95954981063717E-0001      9.30985429008468E-0001
 9.30985429008468E-0001     -2.45200785482264E-0001
-2.45200785482264E-0001     -8.78908725096939E-0001
-8.78908725096939E-0001     -9.33137104233784E-0001
-9.33137104233784E-0001     -7.72598760891109E-0001
-7.72598760891109E-0001     -4.12171167878567E-0001
-4.12171167878567E-0001      9.55968286944341E-0001
 9.55968286944341E-0001      9.79063548692279E-0001
 9.79063548692279E-0001      5.48034565250047E-0002
 5.48034565250047E-0002     -1.15599750192053E-0001
-1.15599750192053E-0001     -1.38951539703596E-0001
-1.38951539703596E-0001     -1.56358713550434E-0002
-1.56358713550434E-0002      9.90785638712884E-0001
 9.90785638712884E-0001      9.76267111713936E-0001
 9.76267111713936E-0001     -4.98994883682610E-0001
-4.98994883682610E-0001     -8.70430732091753E-0001
-8.70430732091753E-0001     -8.50881635786398E-0001
-8.50881635786398E-0001     -7.74735482815371E-0001
-7.74735482815371E-0001     -9.74095865807511E-0002
-9.74095865807511E-0002      9.99700820981140E-0001
 9.99700820981140E-0001      9.83955797696609E-0001
 9.83955797696609E-0001      3.77704548604852E-0001
 3.77704548604852E-0001     -9.89713879612625E-0001
-9.89713879612625E-0001     -9.75750838654459E-0001
-9.75750838654459E-0001     -1.15645844451538E-0001
-1.15645844451538E-0001      5.17425679557268E-0001
 5.17425679557268E-0001      4.06405002468611E-0001
 4.06405002468611E-0001     -8.56103853992525E-0001
-8.56103853992525E-0001     -6.87538798275275E-0001
-6.87538798275275E-0001     -2.41621263725250E-0001
-2.41621263725250E-0001     -3.25622071922428E-0002
-3.25622071922428E-0002      9.35390417952712E-0001
 9.35390417952712E-0001      9.35395663617740E-0001
 9.35395663617740E-0001     -3.25024342588253E-0002
-3.25024342588253E-0002     -2.41543988881018E-0001
-2.41543988881018E-0001     -6.87380400701451E-0001
-6.87380400701451E-0001     -8.56007054470552E-0001
-8.56007054470552E-0001      4.06714119607018E-0001
 4.06714119607018E-0001      5.17596507730160E-0001
 5.17596507730160E-0001     -1.16072184910998E-0001
-1.16072184910998E-0001     -9.75836989010151E-0001
-9.75836989010151E-0001     -9.89791169268806E-0001
-9.89791169268806E-0001      3.78007498842918E-0001
 3.78007498842918E-0001      9.84018193867336E-0001
 9.84018193867336E-0001      9.99682880147483E-0001
 9.99682880147483E-0001     -9.79888040851294E-0002
-9.79888040851294E-0002     -7.75225135433750E-0001
-7.75225135433750E-0001     -8.51184261031422E-0001
-8.51184261031422E-0001     -8.69944893825880E-0001
-8.69944893825880E-0001     -4.98356999090024E-0001
-4.98356999090024E-0001      9.76061397822981E-0001
 9.76061397822981E-0001      9.90691175144990E-0001
 9.90691175144990E-0001     -1.44328159260645E-0002
-1.44328159260645E-0002     -1.38545034065962E-0001
-1.38545034065962E-0001     -1.15134275434073E-0001
-1.15134275434073E-0001      5.62383552318745E-0002
 5.62383552318745E-0002      9.78893074352079E-0001
 9.78893074352079E-0001      9.55639854263574E-0001
 9.55639854263574E-0001     -4.11065265112931E-0001
-4.11065265112931E-0001     -7.71568135370006E-0001
-7.71568135370006E-0001     -9.33644543553406E-0001
-9.33644543553406E-0001     -8.79474393680385E-0001
-8.79474393680385E-0001     -2.45937484505480E-0001
-2.45937484505480E-0001      9.30309466914817E-0001
 9.30309466914817E-0001      9.95971208020156E-0001
 9.95971208020156E-0001      4.64868650662295E-0001
 4.64868650662295E-0001     -9.52567719704350E-0001
-9.52567719704350E-0001     -9.99952527167205E-0001
-9.99952527167205E-0001     -4.54549244975519E-0001
-4.54549244975519E-0001      8.34669826970101E-0001
 8.34669826970101E-0001      8.28211522566008E-0001
 8.28211522566008E-0001     -5.28056612856917E-0001
-5.28056612856917E-0001     -3.20805865392743E-0001
-3.20805865392743E-0001      8.07177263925246E-0002
 8.07177263925246E-0002      6.22911045441142E-0001
 6.22911045441142E-0001      8.81660190956535E-0001
 8.81660190956535E-0001      9.01613940286728E-0001
 9.01613940286728E-0001      6.59281916135251E-0001
 6.59281916135251E-0001      5.16547719903608E-0002
 5.16547719903608E-0002     -2.11967535111191E-0001
-2.11967535111191E-0001     -2.06535440665874E-0001
-2.06535440665874E-0001      9.79454298210321E-0001
 9.79454298210321E-0001      9.85884306270061E-0001
 9.85884306270061E-0001     -6.15571415279436E-0001
-6.15571415279436E-0001     -9.98721079388666E-0001
-9.98721079388666E-0001     -7.15207781435072E-0001
-7.15207781435072E-0001      3.04831870824947E-0001
 3.04831870824947E-0001      9.58504838609933E-0001
 9.58504838609933E-0001      5.62092743148186E-0001
 5.62092743148186E-0001     -2.48917514845952E-0001
-2.48917514845952E-0001     -9.74183047551788E-0001
-9.74183047551788E-0001     -8.02918945433041E-0001
-8.02918945433041E-0001      1.22697538899914E-0001
 1.22697538899914E-0001      6.97679344490655E-0001
 6.97679344490655E-0001      8.47276412575759E-0001
 8.47276412575759E-0001      9.99703303567638E-0001
 9.99703303567638E-0001      7.84961620214638E-0001
 7.84961620214638E-0001     -6.67325734435491E-0001
-6.67325734435491E-0001     -6.64932811443516E-0001
-6.64932811443516E-0001      8.09327356949785E-0001
 8.09327356949785E-0001      9.90735796608761E-0001
 9.90735796608761E-0001      9.60668834797554E-0001
 9.60668834797554E-0001      8.66694795950293E-0001
 8.66694795950293E-0001      1.80016622548212E-0001
 1.80016622548212E-0001     -4.00731258885119E-0001
-4.00731258885119E-0001     -7.21541351081668E-0001
-7.21541351081668E-0001      4.96268072829079E-0001
 4.96268072829079E-0001      6.09480493592793E-0001
 6.09480493592793E-0001      2.16704961573867E-0001
 2.16704961573867E-0001     -7.45346827189603E-0001
-7.45346827189603E-0001     -7.94711504401904E-0001
-7.94711504401904E-0001     -4.39623321245722E-0001
-4.39623321245722E-0001      3.18649344218828E-0001
 3.18649344218828E-0001      6.90643152508718E-0001
 6.90643152508718E-0001      9.94200985116836E-0001
 9.94200985116836E-0001      6.55184071743829E-0001
 6.55184071743829E-0001     -9.92345506120462E-0001
-9.92345506120462E-0001     -9.88702815212473E-0001
-9.88702815212473E-0001      3.30783737517207E-0001
 3.30783737517207E-0001      2.72553595048634E-0001
 2.72553595048634E-0001      1.67038357001947E-0001
 1.67038357001947E-0001      5.58403194298710E-0002
 5.58403194298710E-0002     -9.83381011671692E-0001
-9.83381011671692E-0001     -9.69493709611039E-0001
-9.69493709611039E-0001      4.20678206326251E-0001
 4.20678206326251E-0001      7.40957142646456E-0001
 7.40957142646456E-0001      9.72905440400751E-0001
 9.72905440400751E-0001      9.16269979800870E-0001
 9.16269979800870E-0001      2.92174854866013E-0001
 2.92174854866013E-0001     -7.89967622113546E-0001
-7.89967622113546E-0001     -9.90566597721945E-0001
-9.90566597721945E-0001     -4.00377484912321E-0001
-4.00377484912321E-0001      7.64398688114155E-0001
 7.64398688114155E-0001      9.99911223077681E-0001
 9.99911223077681E-0001      5.65984186310967E-0001
 5.65984186310967E-0001     -9.99346417867758E-0001
-9.99346417867758E-0001     -9.97805697029486E-0001
-9.97805697029486E-0001     -1.12609816878633E-0001
-1.12609816878633E-0001      3.02908772076614E-0001
 3.02908772076614E-0001      1.15174868245671E-0001
 1.15174868245671E-0001     -8.96628661523164E-0001
-8.96628661523164E-0001     -9.98750693940121E-0001
-9.98750693940121E-0001     -9.75690089646504E-0001
-9.75690089646504E-0001     -8.46197825690949E-0001
-8.46197825690949E-0001      5.24187066940664E-0001
 5.24187066940664E-0001      5.47178994421941E-0001
 5.47178994421941E-0001     -6.85084798958874E-0001
-6.85084798958874E-0001     -9.74727994632143E-0001
-9.74727994632143E-0001     -7.53745387635024E-0001
-7.53745387635024E-0001     -5.44413734825694E-0002
-5.44413734825694E-0002      5.38042047935765E-0001
 5.38042047935765E-0001      8.88596784190962E-0001
 8.88596784190962E-0001      8.50178884079340E-0001
 8.50178884079340E-0001      9.37412501621532E-0002
 9.37412501621532E-0002     -9.35347598151378E-0001
-9.35347598151378E-0001     -9.18915428838189E-0001
