-9.35347598151378E-0001     -9.18915428838189E-0001
-9.18915428838189E-0001     -4.00678315925584E-0003
-4.00678315925584E-0003      5.82237837813966E-0001
 5.82237837813966E-0001      4.84199540184032E-0001
 4.84199540184032E-0001     -7.89368908049600E-0001
-7.89368908049600E-0001     -5.02885476963051E-0001
-5.02885476963051E-0001      6.31120740255953E-0002
 6.31120740255953E-0002      5.44027299372657E-0001
 5.44027299372657E-0001      8.56374378354773E-0001
 8.56374378354773E-0001      9.14950581876996E-0001
 9.14950581876996E-0001      6.63803471632917E-0001
 6.63803471632917E-0001      1.36706985012727E-0003
 1.36706985012727E-0003     -1.58600392176375E-0001
-1.58600392176375E-0001      9.39632947709638E-0002
 9.39632947709638E-0002      9.97106113700880E-0001
 9.97106113700880E-0001      9.82074620618296E-0001
 9.82074620618296E-0001     -5.65524296861373E-0001
-5.65524296861373E-0001     -9.78481842403182E-0001
-9.78481842403182E-0001     -6.47496655643023E-0001
-6.47496655643023E-0001     -2.29441239108450E-0001
-2.29441239108450E-0001      6.09032572283092E-0001
 6.09032572283092E-0001      6.09745688061102E-0001
 6.09745688061102E-0001      4.20663905318600E-0001
 4.20663905318600E-0001     -6.66211942702632E-0001
-6.66211942702632E-0001     -4.05571305265965E-0001
-4.05571305265965E-0001      8.05814871971196E-0002
 8.05814871971196E-0002      9.51449624786311E-0001
 9.51449624786311E-0001      8.98114328490418E-0001
 8.98114328490418E-0001      3.24389857524719E-0001
 3.24389857524719E-0001      3.41804451768017E-0002
 3.41804451768017E-0002     -8.99495973500225E-0001
-8.99495973500225E-0001     -9.29506502743710E-0001
-9.29506502743710E-0001     -2.09939729175831E-0001
-2.09939729175831E-0001      6.40859144741852E-0002
 6.40859144741852E-0002      2.90304545842543E-0001
 2.90304545842543E-0001      4.08319766869287E-0001
 4.08319766869287E-0001     -9.52830227376737E-0001
-9.52830227376737E-0001     -9.56616824164207E-0001
-9.56616824164207E-0001      6.49967374122605E-0001
 6.49967374122605E-0001      9.97975099516253E-0001
 9.97975099516253E-0001      6.92633148288021E-0001
 6.92633148288021E-0001     -1.59764487498456E-0001
-1.59764487498456E-0001     -8.66778611189642E-0001
-8.66778611189642E-0001     -5.38051976891186E-0001
-5.38051976891186E-0001     -7.74821918800747E-0002
-7.74821918800747E-0002      8.65813377870913E-0001
 8.65813377870913E-0001      4.80150091451749E-0001
 4.80150091451749E-0001     -2.31702954404760E-0001
-2.31702954404760E-0001     -9.56938110755763E-0001
-9.56938110755763E-0001     -9.86328788644881E-0001
-9.86328788644881E-0001     -5.31586562553640E-0001
-5.31586562553640E-0001     -2.57938239562206E-0001
-2.57938239562206E-0001      9.44573767971292E-0001
 9.44573767971292E-0001      9.62058796672594E-0001
 9.62058796672594E-0001      1.06706943357099E-0002
 1.06706943357099E-0002     -1.52199692854510E-0001
-1.52199692854510E-0001     -3.68812238181595E-0001
-3.68812238181595E-0001     -5.17341731593059E-0001
-5.17341731593059E-0001      9.15521518255041E-0001
 9.15521518255041E-0001      9.17487462796937E-0001
 9.17487462796937E-0001     -6.51817564797086E-0001
-6.51817564797086E-0001     -9.95357246228768E-0001
-9.95357246228768E-0001     -7.12106498998620E-0001
-7.12106498998620E-0001      1.95108043873628E-0001
 1.95108043873628E-0001      8.78081448912802E-0001
 8.78081448912802E-0001      5.45557744318787E-0001
 5.45557744318787E-0001      8.51998945027808E-0002
 8.51998945027808E-0002     -8.55465553559849E-0001
-8.55465553559849E-0001     -4.70836138791231E-0001
-4.70836138791231E-0001      2.16117526501356E-0001
 2.16117526501356E-0001      9.61296819652705E-0001
 9.61296819652705E-0001      9.65371665959329E-0001
 9.65371665959329E-0001      4.21145086763242E-0001
 4.21145086763242E-0001      1.17247703786926E-0001
 1.17247703786926E-0001     -9.06113629870360E-0001
-9.06113629870360E-0001     -9.39948347972387E-0001
-9.39948347972387E-0001     -1.95147057804526E-0001
-1.95147057804526E-0001      6.81848808774560E-0002
 6.81848808774560E-0002      2.38858148198121E-0001
 2.38858148198121E-0001      2.92362820859888E-0001
 2.92362820859888E-0001     -9.86581601137987E-0001
-9.86581601137987E-0001     -9.90984880399305E-0001
-9.90984880399305E-0001      6.50793002755212E-0001
 6.50793002755212E-0001      9.99165003538284E-0001
 9.99165003538284E-0001      6.64737463767478E-0001
 6.64737463767478E-0001      1.06087379901977E-0001
 1.06087379901977E-0001     -6.66984324912258E-0001
-6.66984324912258E-0001     -6.31914230034516E-0001
-6.31914230034516E-0001     -4.47778316059456E-0001
-4.47778316059456E-0001      6.04653644455100E-0001
 6.04653644455100E-0001      4.33265920065084E-0001
 4.33265920065084E-0001      3.85867292005121E-0002
 3.85867292005121E-0002     -9.32349210852058E-0001
-9.32349210852058E-0001     -7.42759000962001E-0001
-7.42759000962001E-0001     -3.16671572032500E-0002
-3.16671572032500E-0002      4.05451201073556E-0001
 4.05451201073556E-0001      8.31780283544116E-0001
 8.31780283544116E-0001      9.23296686016089E-0001
 9.23296686016089E-0001      6.39788262957482E-0001
 6.39788262957482E-0001     -5.05416194409965E-0002
-5.05416194409965E-0002     -1.34800184658967E-0001
-1.34800184658967E-0001      3.26406838286757E-0001
 3.26406838286757E-0001      9.69760402085965E-0001
 9.69760402085965E-0001      9.05938629782229E-0001
 9.05938629782229E-0001     -3.65521367875247E-0001
-3.65521367875247E-0001     -8.17810882594828E-0001
-8.17810882594828E-0001     -8.15050071188346E-0001
-8.15050071188346E-0001     -7.33851303662359E-0001
-7.33851303662359E-0001      1.52004137370928E-0002
 1.52004137370928E-0002      9.52011707019037E-0001
 9.52011707019037E-0001      9.30718946224427E-0001
 9.30718946224427E-0001      1.19034860678054E-0001
 1.19034860678054E-0001     -7.58480804154446E-0001
-7.58480804154446E-0001     -7.30781350379252E-0001
-7.30781350379252E-0001      5.29498454677556E-0001
 5.29498454677556E-0001      3.24162598917854E-0001
 3.24162598917854E-0001     -1.30008191740872E-0001
-1.30008191740872E-0001     -8.88429991860428E-0001
-8.88429991860428E-0001     -9.83798144522521E-0001
-9.83798144522521E-0001     -9.83341370192965E-0001
-9.83341370192965E-0001     -8.15838737183045E-0001
-8.15838737183045E-0001      6.52527882067026E-0001
 6.52527882067026E-0001      6.56959958187823E-0001
 6.56959958187823E-0001     -7.72409131388824E-0001
-7.72409131388824E-0001     -9.96937834419371E-0001
-9.96937834419371E-0001     -8.06855601991391E-0001
-8.06855601991391E-0001     -5.92504568451649E-0001
-5.92504568451649E-0001     -2.34763580010346E-0002
-2.34763580010346E-0002      9.24901530813164E-0001
 9.24901530813164E-0001      9.85137540418438E-0001
 9.85137540418438E-0001      3.69819366408829E-0001
 3.69819366408829E-0001     -7.18644237651586E-0001
-7.18644237651586E-0001     -9.96626570372053E-0001
-9.96626570372053E-0001     -4.88813170635777E-0001
-4.88813170635777E-0001      9.01813161449838E-0001
 9.01813161449838E-0001      9.95906286828896E-0001
 9.95906286828896E-0001      5.02775794035964E-0001
 5.02775794035964E-0001     -7.45872972704002E-0001
-7.45872972704002E-0001     -7.32261670960275E-0001
-7.32261670960275E-0001      7.03311624107546E-0001
 7.03311624107546E-0001      5.03496046482472E-0001
 5.03496046482472E-0001      1.68611514648007E-0001
 1.68611514648007E-0001     -2.55487773215638E-0002
-2.55487773215638E-0002     -9.43592982969109E-0001
-9.43592982969109E-0001     -9.31772062993440E-0001
-9.31772062993440E-0001      1.13823132729314E-0001
 1.13823132729314E-0001      3.50296611549188E-0001
 3.50296611549188E-0001      8.61184367138453E-0001
 8.61184367138453E-0001      9.34495201054796E-0001
 9.34495201054796E-0001     -4.94735597144349E-0002
-4.94735597144349E-0002     -3.90564057137631E-0001
-3.90564057137631E-0001     -4.28439403587218E-0001
-4.28439403587218E-0001      7.01669609056155E-0001
 7.01669609056155E-0001      7.49651318453161E-0001
 7.49651318453161E-0001      2.07906520194652E-0001
 2.07906520194652E-0001     -6.67914580567521E-0001
-6.67914580567521E-0001     -7.61834135356104E-0001
-7.61834135356104E-0001     -7.26720772100772E-0001
-7.26720772100772E-0001     -1.39635445785354E-0001
-1.39635445785354E-0001      7.79577498353649E-0001
 7.79577498353649E-0001      9.72006005537580E-0001
 9.72006005537580E-0001      6.31348288420045E-0001
 6.31348288420045E-0001     -5.04906490681091E-0001
-5.04906490681091E-0001     -4.69295987533059E-0001
-4.69295987533059E-0001      8.56949143218258E-0001
 8.56949143218258E-0001      9.75369004381735E-0001
 9.75369004381735E-0001      9.92888119200207E-0001
 9.92888119200207E-0001      8.89936054213771E-0001
 8.89936054213771E-0001     -2.18379575053439E-0001
-2.18379575053439E-0001     -3.46145328382401E-0001
-3.46145328382401E-0001      3.01320347468331E-0001
 3.01320347468331E-0001      9.96732578029753E-0001
 9.96732578029753E-0001      9.63572914118081E-0001
 9.63572914118081E-0001     -5.46384788535448E-0001
-5.46384788535448E-0001     -9.96176525681535E-0001
-9.96176525681535E-0001     -6.35644244182057E-0001
-6.35644244182057E-0001      2.25867458388498E-0001
 2.25867458388498E-0001      9.50955488647934E-0001
 9.50955488647934E-0001      5.67728210437652E-0001
 5.67728210437652E-0001     -2.85488065448142E-0001
-2.85488065448142E-0001     -9.72589759150565E-0001
-9.72589759150565E-0001     -9.50468703398809E-0001
-9.50468703398809E-0001     -2.28139064085002E-0001
-2.28139064085002E-0001      1.95653484233473E-0001
 1.95653484233473E-0001      8.20830897509224E-0001
 8.20830897509224E-0001      9.30981499221117E-0001
 9.30981499221117E-0001      5.85440128383601E-0001
 5.85440128383601E-0001     -9.23071878303870E-0002
-9.23071878303870E-0002     -1.18274462372363E-0001
-1.18274462372363E-0001      4.86978135241091E-0001
 4.86978135241091E-0001      9.44430097819936E-0001
 9.44430097819936E-0001      8.42045375795873E-0001
 8.42045375795873E-0001     -8.02964954744931E-0002
-8.02964954744931E-0002     -5.20611218166931E-0001
-5.20611218166931E-0001     -9.85691153122458E-0001
-9.85691153122458E-0001     -9.40538718073892E-0001
-9.40538718073892E-0001     -3.23066139870211E-0001
-3.23066139870211E-0001      9.04629836412264E-0001
 9.04629836412264E-0001      9.98227799436304E-0001
 9.98227799436304E-0001      4.87513122868159E-0001
 4.87513122868159E-0001     -9.74968314322464E-0001