0
0.0489267104773262
0.0345829588182064
0.0460163491352359
0.0275628859532572
0.00254703553184325
0.00154153605750822
0.0116183579502991
0.00118305672415723
0.00116954616823833
0.00125870562888426
0.0115784157768679
0.000894863076348836
0.00077976893630299
0.000861404564008632
0.000760916848228613
0.00073406839547406
0.000870982092519377
0.0115610220359224
0.000638898826554509
0.000727631772189227
0.0115576548838019
0.000656562178311075
0.000685043387158038
0.000503898185204706
0.0115561427939572
0.000503135175545827
0.000708017108820587
0.000529710541317022
0.000578175935410421
0.000605534695363741
