0
0.0475670218631138
0.0539563435087309
0.0350412335365116
0.00237999168123912
0.0116670344939263
0.00131515190837531
0.00139679365446312
0.0163572944302563
0.0010739304143732
0.000947485227072168
0.000843134182692347
0.0115779592524979
0.0200076060837582
0.0115677910190661
0.000716912461203646
0.000791680868550595
0.000667784044239535
0.0115619686217981
0.0163411686602221
0.0163385372755999
0.000659259847259194
0.0115536119740581
0.00062905527817539
0.000655810619164201
0.0163315455818453
0.0163278451385438
0.000571009224189481
0.000656092233990702
0.0115498161500576
0.000597021240230621
