0
0.0475424180389898
0.0489276437098245
0.0517788069682385
0.00244256771976233
0.00175184188808139
0.0116650081933751
0.00120535874428548
0.00127325257582915
0.00116986934227925
0.000949184432875628
0.00089569706249605
0.011574898592611
0.0115766399306986
0.0115691904191371
0.000873424945337993
0.000624998574622241
0.0115647940649768
0.000638428297205851
0.000697392212062913
0.000555301124762324
0.000544818606437869
0.0115550066394113
0.0115520374162895
0.000557015663052467
0.00063731459333612
0.0115584883149198
0.000615461004337373
0.00051938178383696
0.00055901925492187
0.000501717577318038
