0
0.0489092385147241
0.051571689500324
0.0499164818760909
0.0143565383914315
0.0164817355570198
0.00145903989183907
0.00133223933113458
0.000967279337293694
0.00116911635315491
0.0115693770713272
0.00100873333608459
0.000946323232911525
0.000729102814662984
0.00080968581535417
0.000630814099052698
0.000659559933162939
0.000789321342261651
0.0115592391996064
0.00063771996802921
0.000689314759417114
0.0115570617842848
0.000667791982125544
0.000605169876586868
0.011555291169947
0.000563249570637757
0.000596009843345278
0.0163312636912094
0.0115576535794044
0.000590940413893148
0.000516224579747724
