0
0.998044111401559
0.791246820900051
0.461140817824096
0.311801975335452
0.283598259840519
0.273066805444163
0.267590176361232
0.264255691585932
0.262025211269788
0.260436335020054
0.259252090245163
0.258338623635804
0.257614714898713
0.25702829566995
0.256544501074032
0.256139146480914
0.255794958574969
0.255499293822728
0.25524270225049
0.255017992691878
0.254819606613115
0.25464318791922
0.254485280728741
0.254343112800386
0.254214437592074
0.254097417297013
0.2539905350709
0.253892528417977
0.253802338147826
0.253719068935413
0.253641958613859
0.253570354089771
0.253503692311575
0.253441485114526
0.253383307056889
0.253328785578914
0.253277592978577
0.253229439819447
0.253184069476597
0.253141253594055
0.253100788278008
0.253062490888147
0.253026197318635
0.252991759682504
0.252959044330544
0.252927930149193
0.252898307092521
0.252870074911651
0.252843142051604
0.252817424690754
0.252792845902288
0.252769334920478
0.252746826497308
0.252725260337252
0.25270458059987
0.252684735461425
0.252665676727986
0.252647359493577
0.252629741837823
0.252612784558274
0.252596450933258
0.252580706511633
0.25256551892625
0.252550857728366
0.252536694240516
0.252523001425696
0.252509753770903
0.252496927183324
0.252484498897622
0.252472447392945
0.25246075231843
0.252449394426075
0.252438355510015
0.252427618351302
0.252417166667394
0.252406985065679
0.252397059000404
0.252387374732479
0.252377919291697
0.252368680440978
0.252359646642303
0.252350807024066
0.252342151349629
0.252333669986907
0.25232535387885
0.252317194514736
0.252309183902205
0.25230131454002
0.252293579391514
0.252285971858758
0.252278485757448
0.252271115292548
0.252263855034711
0.252256699897529
0.252249645115623
0.252242686223627
0.252235819036071
0.252229039628204
0.252222344317757
0.252215729647661
0.252209192369725
0.252202729429257
0.252196337950631
0.252190015223772
0.252183758691541
0.252177565937988
0.252171434677449
0.252165362744452
0.252159348084386
0.252153388744904
0.252147482868019
0.252141628682852
0.25213582449899
0.25213006870042
0.252124359739997
0.252118696134403
0.252113076459581
0.25210749934658
0.252101963477807
0.252096467583636
0.252091010439357
0.252085590862424
0.252080207710004
0.252074859876761
0.252069546292903
0.252064265922432
0.252059017761598
0.252053800837541
0.252048614207097
0.252043456955759
0.252038328196781
0.252033227070409
0.252028152743233
0.252023104407645
0.252018081281399
0.252013082607256
0.252008107652713
0.252003155709809
0.251998226094992
0.251993318149045
0.251988431237069
0.251983564748505
0.2519787180972
0.251973890721496
0.251969082084353
0.251964291673484
0.251959519001504
0.251954763606082
0.251950025050095
0.251945302921765
0.251940596834791
0.251935906428452
0.251931231367681
0.251926571343109
0.251921926071062
0.251917295293515
0.251912678777989
0.251908076317391
0.251903487729789
0.25189891285812
0.251894351569824
0.251889803756405
0.251885269332908
0.251880748237322
0.251876240429898
0.251871745892387
0.251867264627198
0.251862796656472
0.251858342021087
0.251853900779589
0.251849473007046
0.251845058793853
0.251840658244472
0.251836271476125
0.251831898617444
0.251827539807096
0.251823195192372
0.25181886492777
0.251814549173576
0.251810248094438
0.251805961857969
0.251801690633364
0.251797434590057
0.251793193896416
0.251788968718495
0.251784759218842
0.25178056555537
0.251776387880309
0.251772226339225
0.251768081070133
0.251763952202688
0.251759839857466
0.251755744145338
0.251751665166931
0.251747603012186
0.251743557759995
0.251739529477936
0.251735518222088
0.251731524036927
0.251727546955301
0.25172358699848
0.251719644176267
0.251715718487182
0.251711809918699
0.25170791844753
0.251704044039967
0.251700186652253
0.251696346230995
0.251692522713607
0.25168871602877
0.251684926096921
0.251681152830749
0.251677396135702
0.251673655910502
0.251669932047655
0.251666224433968
0.251662532951047
0.251658857475801
0.251655197880922
0.251651554035354
0.251647925804752
0.251644313051916
0.251640715637206
0.25163713341894
0.251633566253769
0.251630013997028
0.251626476503063
0.251622953625539
0.251619445217724
0.251615951132742
0.251612471223811
0.251609005344458
0.251605553348703
0.251602115091231
0.251598690427535
0.251595279214041
0.251591881308215
0.251588496568641
0.251585124855095
0.251581766028591
0.251578419951407
0.251575086487107
0.251571765500536
0.251568456857808
0.251565160426278
0.251561876074497
0.251558603672166
0.251555343090069
0.251552094199998
0.251548856874677
0.251545630987665
0.251542416413265
0.251539213026411
0.251536020702565
0.251532839317602
0.251529668747683
0.25152650886914
0.251523359558347
0.251520220691591
0.251517092144945
0.251513973794135
0.251510865514411
0.251507767180414
0.251504678666052
0.251501599844366
0.251498530587408
0.251495470766113
0.251492420250185
0.251489378907973
0.251486346606361
0.251483323210658
0.251480308584491
0.251477302589711
0.251474305086291
0.251471315932243
0.251468334983532
0.251465362094
0.251462397115297
0.251459439896815
0.251456490285633
0.251453548126467
0.25145061326163
0.251447685530993
0.251444764771962
0.251441850819458
0.251438943505907
0.251436042661232
0.251433148112866
0.251430259685759
0.251427377202404
0.251424500482862
0.251421629344809
0.251418763603574
0.2514159030722
0.251413047561507
0.251410196880162
0.251407350834763
0.251404509229928
0.251401671868388
0.251398838551099
0.251396009077349
0.251393183244885
0.251390360850041
0.251387541687871
0.251384725552301
0.251381912236271
0.251379101531904
0.251376293230662
0.251373487123524
0.251370683001158
0.251367880654108
0.251365079872982
0.25136228044864
0.251359482172396
0.251356684836214
0.251353888232912
0.251351092156367
0.251348296401722
0.251345500765587
0.251342705046249
0.251339909043875
0.25133711256071
0.251334315401276
0.251331517372559
0.251328718284199
0.251325917948659
0.251323116181394
0.251320312801002
0.251317507629366
0.251314700491771
0.25131189121702
0.251309079637506
0.251306265589282
0.251303448912097
0.251300629449403
0.251297807048332
0.251294981559639
0.251292152837616
0.251289320739951
0.251286485127559
0.251283645864353
0.25128080281698
0.25127795585449
0.251275104847958
0.251272249670036
0.251269390194454
0.25126652629544
0.251263657847076
0.25126078472258
0.251257906793506
0.251255023928863
0.25125213599415
0.251249242850302
0.251246344352542
0.251243440349143
0.251240530680085
0.251237615175619
0.251234693654721
0.251231765923441
0.25122883177315
0.251225890978667
0.251222943296279
0.251219988461644
0.251217026187579
0.251214056161727
0.251211078044107
0.251208091464535
0.251205096019934
0.251202091271502
0.251199076741767
0.251196051911507
0.251193016216537
0.251189969044363
0.25118690973071
0.251183837555897
0.251180751741086
0.251177651444381
0.251174535756786
0.251171403698015
0.251168254212155
0.251165086163182
0.251161898330326
0.251158689403291
0.251155457977327
0.251152202548173
0.251148921506863
0.251145613134421
0.251142275596459
0.251138906937705
0.251135505076497
0.251132067799283
0.251128592755192
0.251125077450749
0.251121519244824
0.251117915343939
0.251114262798082
0.251110558497202
0.25110679916862
0.251102981375626
0.251099101517585
0.251095155831974
0.251091140398801
0.251087051148012
0.251082883870524
0.251078634233707
0.251074297802216
0.251069870065235
0.251065346471328
0.251060722472246
0.251055993577132
0.251051155418718
0.251046203833104
0.251041134954712
0.251035945327859
0.251030632036077
0.251025192849785
0.251019626392138
0.251013932321703
0.25100811152913
0.251002166343
0.250996100737703
0.250989920533522
0.250983633576273
0.250977249881161
0.250970781723384
0.250964243657004
0.250957652444173
0.250951026879731
0.250944387501551
0.250937756185139
0.250931155631142
0.250924608765839
0.250918138085589
0.250911764985083
0.250905509114112
0.250899387807441
0.250893415626737
0.250887604043183
0.250881961275793
0.250876492285851
0.250871198914388
0.250866080139031
0.250861132419928
0.250856350102062
0.250851725842528
0.250847251035424
0.250842916212722
0.250838711405727
0.250834626457842
0.250830651284505
0.250826776080396
0.25082299147692
0.250819288654981
0.250815659419043
0.250812096238829
0.250808592264881
0.250805141323684
0.250801737897448
0.250798377092853
0.250795054602386
0.250791766661146
0.250788510001414
0.250785281806718
0.250782079666691
0.250778901533636
0.250775745681413
0.25077261066706
0.250769495295325
0.250766398586219
0.250763319745557
0.250760258138391
0.250757213265229
0.250754184740841
0.250751172275509
0.250748175658507
0.250745194743638
0.250742229436643
0.250739279684305
0.250736345465073
0.250733426781069
0.25073052365131
0.250727636106029
0.250724764181949
0.250721907918423
0.250719067354313
0.250716242525524
0.250713433463104
0.250710640191839
0.250707862729261
0.250705101085018
0.250702355260543
0.250699625248981
0.250696911035309
0.250694212596644
0.250691529902663
0.250688862916149
0.250686211593595
0.250683575885878
0.250680955738957
0.250678351094602
