0
1.03867841441268
0.7716691507969
0.528803722122867
0.471202308681985
0.462595231370188
0.460060532434033
0.458996699076498
0.458458614730127
0.458151704534756
0.457960548155712
0.457832758932982
0.457741972272359
0.457673866858914
0.45762019703852
0.457575994870934
0.457538157399801
0.457504689580431
0.457474278439238
0.45744604376167
0.457419387108691
0.457393897664431
0.457369291980922
0.457345374501983
0.457322011138019
0.457299111219695
0.457276614941011
0.457254484468218
0.457232697542861
0.457211242813731
0.457190116390526
0.457169319278069
0.457148855458098
0.457128730456796
0.457108950283319
0.45708952065599
0.457070446454048
0.457051731347252
0.457033377565766
0.457015385780021
0.456997755065731
0.456980482933524
0.456963565406193
0.456946997129503
0.456930771505109
0.456914880836333
0.456899316479492
0.456884068995143
0.456869128295033
0.456854483781704
0.456840124478707
0.456826039150168
0.456812216409037
0.45679864481389
0.456785312954442
0.456772209526265
0.456759323395311
0.456746643653001
0.456734159662688
0.456721861098298
0.456709737975997
0.456697780679645
0.456685979980802
0.456674327053954
0.456662813487623
0.456651431291893
0.456640172902878
0.456629031184588
0.456617999428552
0.456607071351561
0.456596241091796
0.456585503203581
0.456574852650963
0.456564284800267
0.456553795411765
0.456543380630539
0.456533036976633
0.456522761334536
0.45651255094204
0.456502403378506
0.45649231655255
0.456482288689176
0.456472318316362
0.456462404251115
0.456452545585017
0.456442741669281
0.456432992099344
0.456423296699037
0.456413655504364
0.456404068746961
0.456394536837274
0.456385060347527
0.456375639994566
0.456366276622641
0.456356971186216
0.4563477247329
0.456338538386572
0.456329413330807
0.456320350792681
0.456311352027026
0.456302418301253
0.456293550880776
0.456284751015129
0.456276019924845
0.456267358789127
0.456258768734367
0.45625025082356
0.456241806046626
0.456233435311659
0.456225139437115
0.456216919144944
0.456208775054651
0.456200707678273
0.456192717416251
0.456184804554169
0.456176969260328
0.456169211584107
0.456161531455086
0.456153928682874
0.456146402957588
0.456138953850956
0.456131580817968
0.456124283199041
0.456117060222646
0.456109911008332
0.456102834570122
0.45609582982021
0.456088895572927
0.456082030548932
0.456075233379575
0.456068502611412
0.456061836710811
0.456055234068637
0.456048693004976
0.456042211773864
0.456035788568008
0.456029421523458
0.456023108724234
0.456016848206866
0.45601063796484
0.456004475952952
0.455998360091524
0.455992288270516
0.455986258353491
0.455980268181446
0.455974315576502
0.455968398345454
0.455962514283166
0.455956661175834
0.455950836804104
0.455945038946043
0.455939265379985
0.455933513887236
0.455927782254662
0.455922068277143
0.455916369759924
0.455910684520845
0.455905010392477
0.45589934522415
0.455893686883907
0.455888033260349
0.455882382264421
0.455876731831122
0.455871079921138
0.455865424522425
0.455859763651732
0.455854095356067
0.455848417714121
0.455842728837647
0.455837026872797
0.455831310001424
0.455825576442341
0.455819824452554
0.455814052328457
0.455808258406994
0.455802441066787
0.455796598729236
0.455790729859577
0.455784832967901
0.455778906610144
0.455772949389024
0.455766959954936
0.455760937006801
0.455754879292853
0.455748785611379
0.45574265481139
0.455736485793224
0.455730277509081
0.455724028963484
0.455717739213648
0.45571140736978
0.455705032595272
0.455698614106815
0.455692151174407
0.455685643121263
0.455679089323628
0.45567248921048
0.45566584226313
0.455659148014721
0.455652406049614
0.455645616002688
0.455638777558519
0.455631890450481
0.455624954459746
0.455617969414199
0.455610935187272
0.455603851696707
0.455596718903251
0.455589536809295
0.455582305457465
0.455575024929174
0.455567695343148
0.455560316853933
0.455552889650391
0.45554541395421
0.455537890018414
0.455530318125913
0.455522698588074
0.455515031743345
0.455507317955931
0.455499557614527
0.455491751131126
0.4554838989399
0.455476001496165
0.455468059275428
0.45546007277253
0.455452042500876
0.455443968991762
0.455435852793795
0.455427694472402
0.45541949460944
0.455411253802882
0.455402972666589
0.455394651830169
0.455386291938895
0.455377893653698
0.455369457651206
0.455360984623852
0.455352475279995
0.4553439303441
0.455335350556916
0.455326736675687
0.455318089474347
0.455309409743723
0.455300698291713
0.455291955943443
0.455283183541386
0.455274381945451
0.455265552033002
0.455256694698843
0.455247810855127
0.455238901431204
0.455229967373396
0.455221009644695
0.455212029224391
0.455203027107614
0.455194004304798
0.455184961841077
0.455175900755592
0.455166822100726
0.455157726941278
0.455148616353559
0.455139491424438
0.455130353250319
0.455121202936082
0.455112041593974
0.455102870342473
0.455093690305111
0.455084502609296
0.455075308385111
0.45506610876411
0.45505690487813
0.455047697858106
0.455038488832909
0.45502927892822
0.455020069265425
0.455010860960572
0.455001655123352
0.454992452856156
0.454983255253174
0.45497406339956
0.454964878370665
0.454955701231334
0.45494653303527
0.454937374824473
0.454928227628743
0.454919092465254
0.454909970338199
0.454900862238492
0.454891769143539
0.45488269201707
0.454873631809013
0.454864589455431
0.4548555658785
0.454846561986516
0.454837578673952
0.454828616821519
0.454819677296266
0.454810760951676
0.454801868627776
0.454793001151237
0.454784159335468
0.454775343980687
0.454766555873972
0.454757795789278
0.45474906448741
0.454740362715962
0.454731691209194
0.45472305068786
0.454714441858977
0.454705865415529
0.454697322036103
0.454688812384459
0.454680337109035
0.454671896842377
0.454663492200506
0.454655123782219
0.454646792168325
0.454638497920828
0.454630241582051
0.454622023673719
0.45461384469599
0.454605705126474
0.454597605419198
0.454589546003583
0.454581527283394
0.4545735496357
0.454565613409845
0.454557718926439
0.454549866476382
0.454542056319921
0.454534288685766
0.454526563770256
0.454518881736593
0.45451124271415
0.454503646797851
0.454496094047648
0.454488584488077
0.454481118107914
0.454473694859923
0.45446631466071
0.454458977390664
0.454451682894018
0.454444430978988
0.454437221418026
0.454430053948165
0.454422928271449
0.454415844055464
0.45440880093395
0.454401798507491
0.454394836344284
0.454387913980983
0.4543810309236
0.454374186648474
0.454367380603292
0.454360612208158
0.454353880856713
0.454347185917285
0.454340526734086
0.454333902628426
0.454327312899969
0.454320756828
0.454314233672719
0.454307742676552
0.45430128306548
0.454294854050379
0.45428845482838
0.454282084584236
0.454275742491712
0.454269427714983
0.454263139410056
0.454256876726207
0.454250638807438
0.454244424793965
0.454238233823733
0.454232065033953
0.454225917562697
0.454219790550507
0.454213683142076
0.454207594487955
0.454201523746334
0.454195470084872
0.454189432682593
0.454183410731847
0.454177403440348
0.454171410033277
0.454165429755468
0.454159461873658
0.454153505678823
0.45414756048858
0.454141625649652
0.454135700540406
0.454129784573432
0.454123877198171
0.45411797790357
0.454112086220745
0.454106201725647
0.454100324041686
0.454094452842313
0.454088587853513
0.454082728856188
0.454076875688393
0.454071028247396
0.45406518649151
0.454059350441686
0.45405352018279
0.454047695864572
0.454041877702245
0.454036065976673
0.454030261034122
0.45402446328554
0.454018673205367
0.454012891329825
0.454007118254718
0.454001354632698
0.453995601170044
0.453989858622942
0.453984127793293
0.453978409524096
0.453972704694431
0.453967014214104
0.453961339017988
0.453955680060153
0.453950038307816
0.453944414735212
0.453938810317431
0.453933226024308
0.453927662814428
0.453922121629324
0.45391660338791
0.453911108981232
0.453905639267575
0.453900195067969
0.453894777162141
0.453889386284931
0.453884023123203
0.453878688313262
0.453873382438769
0.453868106029173
0.45386285955864
0.45385764344545
0.453852458051869
0.453847303684447
0.453842180594723
0.453837088980303
0.453832028986269
0.453827000706892
0.453822004187612
0.453817039427237
0.453812106380334
0.453807204959771
0.453802335039385
0.453797496456726
0.453792689015866
0.453787912490232
0.453783166625439
0.453778451142106
0.453773765738628
0.453769110093886
0.453764483869888
0.453759886714307
0.453755318262931
0.453750778141997
0.453746265970411
0.453741781361837
0.453737323926674
0.453732893273891
0.453728489012739
0.453724110754336
0.453719758113118
0.453715430708171
0.453711128164436
0.4537068501138
0.453702596196066
0.453698366059821
0.453694159363191
0.453689975774505
0.453685814972855
0.453681676648574
0.453677560503633
0.453673466251948
0.453669393619628
0.453665342345148
0.453661312179461
0.453657302886056
0.453653314240962
0.453649346032703
0.453645398062214
0.453641470142713
0.453637562099549
0.453633673770003
0.453629805003077
0.453625955659252
0.453622125610228
0.453618314738643
0.453614522937782
0.453610750111272
0.453606996172763
0.453603261045608
0.453599544662535
0.453595846965309
