0
1.06642690901243
0.831646599619946
0.688400250674289
0.659751619542006
0.655100859629415
0.653855807533893
0.653350320887721
0.653055554923498
0.652829948849624
0.652628489472423
0.65243508275053
0.652243323316819
0.652050314054156
0.651854550757111
0.651655203920223
0.651451912181018
0.651244762755075
0.651034321086476
0.650821637018529
0.650608185461557
0.650395728746257
0.650186121336583
0.649981103739159
0.649782136730998
0.649590307630164
0.649406311018068
0.649230484225509
0.649062870813525
0.648903290078925
0.648751399853858
0.648606747920438
0.648468812161758
0.648337031478363
0.648210829683024
0.648089634074563
0.647972889789291
0.647860070585362
0.647750686472016
0.647644288507925
0.647540471097976
0.647438872163699
0.647339171613414
0.647241088572462
0.647144377840408
0.647048826016983
0.646954247683361
0.646860481945835
0.646767389554059
0.646674850705812
0.646582763555155
0.646491043359275
0.646399622137389
0.646308448675556
0.64621748869429
0.646126724999249
0.646036157455414
0.645945802657932
0.645855693213419
0.645765876589999
0.645676413538469
0.645587376127075
0.645498845465592
0.645410909218292
0.645323659018707
0.645237187901684
0.645151587860979
0.645066947625388
0.644983350725658
0.64490087390091
0.644819585869481
0.644739546467229
0.644660806137704
0.644583405744163
0.644507376663307
0.644432741114678
0.644359512677263
0.644287696945527
0.644217292279953
0.644148290611659
0.644080678266127
0.644014436777083
0.643949543667617
0.643885973181485
0.643823696952836
0.643762684607424
0.643702904292271
0.643644323134081
0.643586907629174
0.643530623969571
0.643475438311061
0.643421316989812
0.64336822669433
0.643316134599512
0.643265008469236
0.64321481673339
0.643165528544662
0.643117113819714
0.643069543268682
0.643022788416234
0.642976821616825
0.642931616066136
0.642887145810238
0.642843385753474
0.642800311665784
0.642757900189792
0.64271612884777
0.642674976048442
0.642634421093366
0.642594444182652
0.642555026419659
0.642516149814302
0.642477797284651
0.642439952656471
0.642402600660449
0.642365726926871
0.642329317977576
0.64229336121508
0.642257844908826
0.642222758178539
0.642188090974772
0.642153834056735
0.642119978967558
0.642086518007167
0.642053444203005
0.64202075127881
0.641988433621723
0.64195648624798
0.641924904767441
0.641893685347234
0.641862824674738
0.641832319920167
0.641802168698933
0.64177236903401
0.641742919318441
0.641713818278125
0.641685064935005
0.641656658570686
0.641628598690595
0.64160088498862
0.641573517312284
0.641546495628378
0.641519819989033
0.641493490498151
0.641467507278152
0.641441870436965
0.641416580035239
0.641391636053729
0.641367038360886
0.641342786680693
0.641318880560837
0.641295319341363
0.641272102123994
0.641249227742376
0.641226694733522
0.641204501310801
0.641182645338806
0.641161124310525
0.641139935327147
0.641119075080911
0.641098539841324
0.641078325445045
0.641058427289693
0.641038840331747
0.641019559088634
0.641000577645028
0.640981889663306
0.640963488398
0.640945366714041
0.640927517108519
0.6409099317356
0.640892602434248
0.640875520758313
0.640858678008581
0.640842065266347
0.640825673428074
0.640809493240752
0.640793515337551
0.640777730273439
0.640762128560431
0.640746700702209
0.640731437227874
0.640716328724634
0.640701365869287
0.640686539458366
0.640671840436884
0.640657259925611
0.640642789246865
0.640628419948817
0.640614143828304
0.6405999529522
0.640585839677353
0.640571796669139
0.640557816918661
0.640543893758632
0.640530020877961
0.640516192335067
0.640502402569929
0.640488646414867
0.640474919104047
0.640461216281681
0.640447534008885
0.640433868769161
0.64042021747244
0.640406577457631
0.640392946493625
0.640379322778672
0.640365704938094
0.640352092020263
0.640338483490818
0.640324879225063
0.64031127949856
0.640297684975889
0.640284096697612
0.640270516065474
0.640256944825915
0.640243385051969
0.64022983912366
0.640216309707052
0.64020279973207
0.640189312369291
0.640175851005892
0.640162419220944
0.640149020760274
0.640135659511109
0.64012233947672
0.640109064751282
0.640095839495161
0.640082667910823
0.640069554219554
0.640056502639168
0.640043517362834
0.640030602539173
0.640017762253722
0.640005000511848
0.639992321223181
0.639979728187594
0.639967225082763
0.639954815453286
0.639942502701347
0.639930290078879
0.639918180681181
0.639906177441904
0.639894283129338
0.639882500343912
0.639870831516805
0.639859278909576
0.639847844614716
0.639836530557011
0.639825338495626
0.63981427002682
0.639803326587175
0.639792509457293
0.639781819765835
0.639771258493866
0.639760826479414
0.639750524422194
0.639740352888437
0.639730312315781
0.639720403018184
0.63971062519082
0.639700978914932
0.639691464162624
0.639682080801568
0.63967282859961
0.639663707229271
0.639654716272138
0.639645855223139
0.639637123494687
0.639628520420721
0.639620045260628
0.639611697203043
0.639603475369548
0.639595378818268
0.639587406547366
0.639579557498434
0.639571830559807
0.639564224569778
0.639556738319742
0.639549370557242
0.639542119988962
0.639534985283619
0.639527965074805
0.639521057963738
0.639514262521956
0.639507577293925
0.639501000799589
0.639494531536843
0.639488167983928
0.639481908601758
0.639475751836176
0.639469696120126
0.639463739875751
0.639457881516418
0.63945211944866
0.639446452074038
0.639440877790927
0.639435394996217
0.639430002086935
0.639424697461787
0.639419479522623
0.63941434667581
0.639409297333542
0.639404329915059
0.639399442847792
0.639394634568436
0.639389903523945
0.639385248172457
0.639380666984146
0.639376158442008
0.639371721042578
0.639367353296586
0.639363053729555
0.639358820882328
0.639354653311557
0.639350549590119
0.639346508307497
0.639342528070102
0.639338607501558
0.639334745242936
0.639330939952951
0.639327190308122
0.639323495002892
0.639319852749724
0.639316262279151
0.639312722339815
0.639309231698462
0.639305789139923
0.639302393467072
0.639299043500757
0.639295738079719
0.639292476060483
0.639289256317245
0.63928607774174
0.639282939243091
0.639279839747652
0.63927677819884
0.639273753556957
0.639270764799
0.639267810918467
0.639264890925157
0.639262003844958
0.63925914871964
0.639256324606632
0.639253530578805
0.639250765724246
0.639248029146032
0.639245319961999
0.639242637304518
0.63923998032026
0.639237348169961
0.639234740028195
0.639232155083146
0.639229592536369
0.639227051602566
0.639224531509359
0.639222031497056
0.639219550818438
0.639217088738529
0.639214644534381
0.639212217494856
0.639209806920416
0.639207412122913
0.639205032425384
0.639202667161854
0.639200315677138
0.63919797732665
0.639195651476222
0.63919333750192
0.639191034789877
0.639188742736119
0.639186460746411
0.6391841882361
0.639181924629973
0.639179669362115
0.639177421875787
0.639175181623292
0.639172948065874
0.63917072067361
0.639168498925315
0.639166282308458
0.63916407031909
0.639161862461778
0.639159658249549
0.639157457203855
0.639155258854532
0.639153062739788
0.639150868406193
0.639148675408679
0.639146483310559
0.639144291683554
0.639142100107832
0.639139908172063
0.639137715473479
0.639135521617956
0.6391333262201
0.639131128903347
0.639128929300083
0.639126727051763
0.639124521809047
0.639122313231955
0.639120100990016
0.639117884762446
0.63911566423832
0.639113439116761
0.639111209107138
0.63910897392927
0.639106733313631
0.639104487001572
0.63910223474554
0.639099976309299
0.639097711468165
0.639095440009223
0.639093161731569
0.639090876446524
0.639088583977865
0.639086284162043
0.639083976848397
0.639081661899357
0.639079339190645
0.639077008611459
0.639074670064644
0.639072323466855
0.639069968748697
0.639067605854856
0.639065234744196
0.639062855389855
0.6390604677793
0.639058071914376
0.639055667811309
0.639053255500709
0.639050835027519
0.639048406450952
0.639045969844398
0.639043525295294
0.63904107290497
0.639038612788457
0.639036145074277
0.639033669904185
0.639031187432895
0.639028697827768
0.639026201268473
0.639023697946616
0.639021188065347
0.639018671838935
0.639016149492317
0.639013621260633
0.639011087388722
0.639008548130613
0.639006003748994
0.639003454514657
0.63900090070594
0.638998342608144
0.638995780512963
0.638993214717877
0.638990645525565
0.6389880732433
0.638985498182362
0.638982920657427
0.638980340985985
0.638977759487755
0.638975176484107
0.638972592297499
0.638970007250924
0.638967421667376
0.638964835869328
0.638962250178229
0.638959664914023
0.638957080394686
0.638954496935781
0.638951914850045
0.63894933444699
0.638946756032529
0.638944179908631
0.638941606372997
0.638939035718757
0.638936468234198
0.638933904202513
0.638931343901572
0.638928787603717
0.638926235575586
0.63892368807795
0.638921145365581
0.638918607687129
0.638916075285037
0.638913548395454
0.638911027248189
0.638908512066661
0.63890600306788
0.638903500462439
0.638901004454523
0.638898515241925
0.638896033016083
0.638893557962124
0.638891090258919
0.638888630079149
0.638886177589382
0.638883732950153
0.638881296316054
0.638878867835833
0.638876447652496
