0
1.01813643373556
0.861355239096472
0.738201989638537
0.720240222829241
0.717595310749745
0.716808543298954
0.716363265078601
0.716003517460079
0.715672444479895
0.715354825618349
0.715045893287484
0.714743879129683
0.714447967923106
0.714157685862651
0.713872717287074
0.713592858016112
0.713318011123157
0.713048192503622
0.712783534335795
0.712524281954556
0.712270782671395
0.712023466687497
0.711782821361495
0.711549360851975
0.711323593529583
0.711105989596711
0.710896951214391
0.710696787246138
0.710505694488193
0.710323746846225
0.710150893225149
0.709986963940407
0.709831684421462
0.709684694129732
0.70954556817267
0.709413839140119
0.709289017142013
0.709170606713029
0.709058119975573
0.708951086065403
0.70884905724429
0.708751612340336
0.708658358204512
0.708568929808281
0.708482989487131
0.70840022570148
0.708320351566171
0.708243103304782
0.708168238717278
0.708095535705564
0.708024790875415
0.707955818219312
0.707888447878286
0.707822524978336
0.707757908536523
0.707694470431999
0.707632094437554
0.707570675307501
0.707510117917882
0.707450336455042
0.707391253648763
0.707332800046322
0.707274913324118
0.707217537633915
0.707160622981235
0.707104124633984
0.70704800256005
0.706992220893215
0.706936747427401
0.706881553139856
0.706826611744456
0.706771899276787
0.706717393713027
0.706663074624939
0.706608922873422
0.70655492034303
0.706501049719746
0.706447294313965
0.706393637930189
0.7063400647843
0.706286559468571
0.706233106963651
0.706179692695829
0.706126302636764
0.706072923441806
0.70601954262178
0.705966148742032
0.705912731641326
0.705859282662198
0.705805794883448
0.7057522633448
0.705698685253366
0.705645060161563
0.705591390106596
0.705537679702583
0.705483936177955
0.70543016935284
0.705376391553752
0.705322617465935
0.705268863926941
0.705215149668412
0.705161495016139
0.705107921561311
0.705054451818032
0.705001108883586
0.704947916118543
0.704894896863361
0.704842074206977
0.70478947082068
0.70473710886785
0.704685009996589
0.704633195418401
0.704581686071655
0.704530502864001
0.704479666983058
0.704429200259978
0.704379125565951
0.704329467217668
0.704280251364633
0.704231506329207
0.704183262869925
0.704135554340149
0.704088416717732
0.704041888487169
0.703996010363372
0.703950824855478
0.703906375679212
0.703862707036528
0.703819862790676
0.703777885572601
0.703736815859936
0.703696691072315
0.703657544726072
0.70361940568764
0.703582297558639
0.703546238217147
0.703511239530042
0.703477307241196
0.703444441030645
0.703412634731364
0.703381876683418
0.703352150200386
0.70332343412022
0.703295703411948
0.703268929810656
0.703243082455702
0.703218128510549
0.703194033746766
0.70317076307906
0.703148281042495
0.703126552206927
0.70310554152714
0.703085214629923
0.703065538041529
0.703046479360475
0.703028007381617
0.703010092177928
0.702992705146492
0.702975819025025
0.702959407884772
0.702943447105084
0.702927913334316
0.702912784440996
0.702898039458571
0.70288365852641
0.702869622829163
0.702855914536104
0.702842516741663
0.702829413407965
0.702816589309974
0.70280402998355
0.702791721676585
0.702779651303287
0.702767806401502
0.702756175093023
0.702744746046674
0.702733508444048
0.702722451947683
0.702711566671529
0.702700843153532
0.702690272330173
0.70267984551286
0.702669554366017
0.702659390886804
0.702649347386359
0.702639416472502
0.702629591033846
0.702619864225253
0.702610229454616
0.702600680370922
0.70259121085357
0.702581815002934
0.702572487132135
0.702563221760015
0.702554013605293
0.702544857581869
0.702535748795272
0.702526682540206
0.702517654299178
0.702508659742153
0.702499694727207
0.702490755302122
0.70248183770686
0.702472938376854
0.702464053947049
0.702455181256589
0.702446317354089
0.702437459503364
0.702428605189529
0.702419752125346
0.702410898257697
0.702402041774066
0.702393181108878
0.702384314949584
0.702375442242343
0.702366562197158
0.70235767429234
0.702348778278167
0.702339874179591
0.702330962297896
0.702322043211184
0.702313117773569
0.702304187113022
0.702295252627763
0.70228631598115
0.702277379095034
0.702268444141532
0.702259513533238
0.702250589911876
0.702241676135434
0.702232775263849
0.702223890543307
0.702215025389272
0.702206183368364
0.70219736817922
0.702188583632501
0.702179833630208
0.702171122144503
0.702162453196213
0.702153830833229
0.702145259109001
0.702136742061317
0.702128283691593
0.702119887944837
0.702111558690494
0.70210329970431
0.702095114651407
0.70208700707066
0.702078980360525
0.702071037766366
0.702063182369397
0.702055417077228
0.702047744616076
0.702040167524609
0.702032688149403
0.702025308641972
0.702018030957287
0.702010856853725
0.702003787894331
0.701996825449301
0.701989970699561
0.701983224641337
0.701976588091581
0.701970061694132
0.701963645926502
0.701957341107159
0.701951147403204
0.701945064838332
0.70193909330099
0.701933232552633
0.701927482236007
0.701921841883392
0.70191631092474
0.701910888695653
0.701905574445179
0.701900367343359
0.70189526648853
0.701890270914344
0.701885379596496
0.701880591459151
0.701875905381062
0.701871320201389
0.701866834725208
0.701862447728719
0.701858157964173
0.701853964164499
0.701849865047674
0.701845859320812
0.701841945684015
0.701838122833967
0.701834389467301
0.701830744283741
0.701827185989024
0.701823713297625
0.701820324935271
0.701817019641275
0.701813796170677
0.701810653296204
0.701807589810066
0.701804604525568
0.701801696278566
0.701798863928761
0.701796106360818
0.70179342248535
0.701790811239732
0.701788271588767
0.701785802525204
0.7017834030701
0.701781072273047
0.701778809212247
0.701776612994443
0.70177448275472
0.701772417656159
0.701770416889361
0.701768479671841
0.70176660524729
0.701764792884722
0.701763041877491
0.701761351542195
0.701759721217478
0.701758150262719
0.701756638056619
0.701755183995709
0.701753787492749
0.70175244797507
0.701751164882826
0.701749937667184
0.701748765788461
0.701747648714206
0.701746585917237
0.70174557687365
0.701744621060797
0.701743717955252
0.701742867030761
0.701742067756203
0.701741319593552
0.701740621995861
0.701739974405278
0.701739376251091
0.701738826947826
0.701738325893399
0.701737872467329
0.701737466029029
0.701737105916181
0.701736791443195
0.701736521899775
0.701736296549587
0.701736114629051
0.701735975346251
0.701735877879974
0.701735821378902
0.701735804960928
0.701735827712641
0.701735888688959
0.701735986912924
0.701736121375668
0.701736291036542
0.70173649482342
0.701736731633183
0.701737000332364
0.701737299757984
0.701737628718553
0.701737985995249
0.701738370343261
0.70173878049331
0.701739215153317
0.701739673010239
0.70174015273205
0.70174065296986
0.701741172360174
0.701741709527267
0.701742263085672
0.701742831642775
0.701743413801486
0.701744008163
0.701744613329607
0.701745227907551
0.70174585050993
0.701746479759599
0.701747114292085
0.701747752758482
0.701748393828321
0.701749036192383
0.701749678565466
0.701750319689061
0.701750958333948
0.701751593302679
0.701752223431942
0.701752847594805
0.701753464702797
0.701754073707858
0.701754673604103
0.701755263429433
0.701755842266958
0.701756409246239
0.701756963544338
0.701757504386683
0.701758031047736
0.70175854285147
0.701759039171653
0.701759519431949
0.701759983105833
0.701760429716322
0.701760858835542
0.701761270084125
0.701761663130457
0.701762037689771
0.701762393523109
0.70176273043616
0.701763048277977
0.701763346939601
0.701763626352584
0.701763886487443
0.701764127352033
0.701764348989884
0.701764551478473
0.70176473492748
0.701764899477006
0.701765045295796
0.701765172579451
0.701765281548638
0.701765372447332
0.701765445541071
0.70176550111524
0.701765539473398
0.701765560935639
0.701765565837009
0.701765554525963
0.701765527362887
0.701765484718671
0.701765426973347
0.701765354514782
0.701765267737444
0.70176516704122
0.701765052830308
0.701764925512167
0.701764785496534
0.701764633194498
0.701764469017643
0.701764293377241
0.701764106683517
0.701763909344954
0.701763701767663
0.701763484354806
0.701763257506063
0.701763021617147
0.701762777079374
0.701762524279261
0.70176226359818
0.701761995412039
0.701761720091006
0.701761437999265
0.701761149494802
0.701760854929222
0.701760554647598
0.701760248988339
0.70175993828308
0.70175962285661
0.701759303026797
0.701758979104549
0.701758651393788
0.701758320191434
0.701757985787413
0.701757648464667
0.701757308499184
0.701756966160036
0.701756621709427
0.701756275402749
0.701755927488644
0.701755578209075
0.701755227799408
0.701754876488486
0.701754524498724
0.701754172046189
0.701753819340705
0.701753466585946
0.701753113979531
0.701752761713132
0.70175240997257
0.701752058937926
0.70175170878364
0.701751359678615
0.701751011786326
0.701750665264923
0.701750320267331
0.701749976941363
0.701749635429809
0.701749295870547
0.701748958396638
0.701748623136428
0.701748290213636
0.701747959747459
0.701747631852655
0.701747306639638
0.701746984214561
0.701746664679408
0.701746348132073
0.701746034666435
0.701745724372445
0.701745417336193
