0
1.09222928931987
0.91688152816967
0.820449584115407
0.790226925478059
0.784345302763645
0.782863467488895
0.782172397185264
0.781649614240191
0.781170489846934
0.780709577494509
0.780262540079725
0.779829088934255
0.779409298549591
0.779002994644382
0.77860978538587
0.778229163809185
0.777860571417705
0.777503424358533
0.777157123025564
0.77682106143286
0.776494643585342
0.776177306446257
0.775868544649697
0.77556793066653
0.775275124863782
0.774989871957847
0.774711983119456
0.774441305921153
0.774177686859589
0.773920932736208
0.773670777314033
0.77342685837477
0.77318870805072
0.772955756856508
0.772727349888211
0.772502772538085
0.772281282724066
0.772062146717783
0.771844675802777
0.771628261010904
0.771412403149519
0.771196735554547
0.770981037823997
0.770765240274871
0.770549420617494
0.770333795574598
0.770118710210957
0.769904626547379
0.769692111326229
0.7694818215645
0.769274486373789
0.769070884356206
0.768871817146541
0.768678080769439
0.768490437064566
0.768309587432745
0.768136150689671
0.767970646083833
0.76781348176047
0.767664948325227
0.767525216805413
0.76739434025498
0.767272258429726
0.767158805225325
0.767053718759752
0.766956653984268
0.766867197512251
0.766784884046755
0.766709213498639
0.766639667734704
0.766575725934518
0.766516877748172
0.766462633765582
0.766412533146919
0.766366148553754
0.766323088722728
0.766282999130218
0.766245561221101
0.766210490641493
0.766177534849198
0.766146470397085
0.766117100107751
0.766089250290708
0.766062768099067
0.766037519081638
0.766013384956886
0.765990261615269
0.765968057343708
0.765946691258561
0.765926091929573
0.765906196175885
0.765886948015247
0.765868297748538
0.76585020116308
0.765832618839862
0.765815515551383
0.765798859738388
0.765782623055205
0.765766779974685
0.765751307444908
0.765736184590818
0.765721392454869
0.765706913771512
0.765692732771079
0.76567883500915
0.765665207218056
0.765651837177595
0.765638713602423
0.765625826043931
0.765613164804703
0.765600720863905
0.765588485812182
0.765576451794816
0.765564611462086
0.76555295792588
0.765541484721771
0.765530185775831
0.765519055375596
0.765508088144623
0.765497279020188
0.765486623233694
0.765476116293451
0.765465753969482
0.765455532280078
0.765445447479842
0.765435496048998
0.765425674683754
0.765415980287517
0.765406409962831
0.765396961003825
0.765387630889099
0.765378417274876
0.765369317988336
0.765360331021034
0.76535145452232
0.765342686792692
0.76533402627704
0.765325471557717
0.765317021347445
0.765308674482007
0.765300429912749
0.76529228669888
0.76528424399961
0.765276301066128
0.765268457233484
0.765260711912389
0.765253064581
0.765245514776729
0.765238062088122
0.765230706146882
0.76522344662005
0.765216283202423
0.765209215609243
0.765202243569189
0.765195366817717
0.765188585090768
0.765181898118889
0.765175305621755
0.765168807303132
0.765162402846279
0.765156091909785
0.765149874123861
0.765143749087059
0.765137716363428
0.765131775480089
0.765125925925217
0.765120167146419
0.765114498549491
0.765108919497537
0.765103429310431
0.765098027264612
0.765092712593186
0.765087484486324
0.765082342091929
0.765077284516564
0.765072310826622
0.765067420049702
0.765062611176204
0.765057883161096
0.76505323492585
0.765048665360524
0.765044173325969
0.76503975765615
0.765035417160554
0.76503115062667
0.765026956822523
0.765022834499247
0.765018782393668
0.765014799230904
0.765010883726926
0.765007034591117
0.765003250528761
0.76499953024349
0.764995872439645
0.764992275824569
0.764988739110794
0.76498526101813
0.764981840275644
0.764978475623517
0.764975165814783
0.764971909616936
0.764968705813409
0.764965553204919
0.764962450610681
0.76495939686949
0.76495639084066
0.764953431404852
0.764950517464758
0.764947647945673
0.764944821795938
0.764942037987281
0.764939295515035
0.764936593398264
0.764933930679785
0.764931306426099
0.764928719727235
0.764926169696524
0.764923655470287
0.764921176207467
0.764918731089194
0.764916319318299
0.764913940118779
0.764911592735223
0.764909276432191
0.764906990493571
0.764904734221908
0.764902506937705
0.764900307978707
0.764898136699179
0.764895992469168
0.764893874673753
0.764891782712303
0.764889715997732
0.764887673955747
0.764885656024106
0.764883661651896
0.764881690298794
0.764879741434353
0.764877814537308
0.764875909094867
0.764874024602049
0.764872160561009
0.764870316480391
0.764868491874694
0.764866686263649
0.764864899171622
0.764863130127014
0.764861378661696
0.764859644310445
0.764857926610402
0.764856225100534
0.764854539321127
0.764852868813271
0.764851213118372
0.76484957177767
0.764847944331768
0.764846330320171
0.76484472928083
0.764843140749708
0.764841564260338
0.764839999343393
0.764838445526271
0.764836902332673
0.76483536928219
0.764833845889906
0.764832331665986
0.764830826115288
0.764829328736962
0.764827839024064
0.764826356463175
0.764824880534014
0.764823410709071
0.764821946453238
0.764820487223446
0.764819032468319
0.76481758162783
0.764816134132981
0.764814689405489
0.764813246857495
0.764811805891295
0.764810365899102
0.764808926262827
0.764807486353916
0.764806045533203
0.76480460315084
0.764803158546259
0.764801711048211
0.764800259974872
0.764798804634032
0.764797344323374
0.764795878330856
0.764794405935205
0.764792926406541
0.76479143900713
0.764789942992297
0.7647884376115
0.764786922109583
0.764785395728217
0.764783857707556
0.764782307288097
0.764780743712785
0.764779166229347
0.764777574092893
0.764775966568755
0.764774342935608
0.764772702488847
0.764771044544234
0.764769368441795
0.764767673549984
0.764765959270061
0.764764225040694
0.764762470342738
0.764760694704183
0.764758897705185
0.764757078983186
0.764755238238015
0.764753375236956
0.764751489819671
0.764749581902932
0.764747651485067
0.764745698650037
0.764743723571062
0.764741726513694
0.764739707838257
0.764737668001575
0.764735607557883
0.764733527158879
0.764731427552811
0.764729309582597
0.764727174182888
0.764725022376085
0.764722855267294
0.764720674038222
0.764718479940064
0.764716274285423
0.764714058439335
0.764711833809499
0.764709601835802
0.76470736397929
0.764705121710705
0.76470287649873
0.764700629798124
0.764698383037881
0.764696137609583
0.764693894856109
0.764691656060848
0.764689422437548
0.76468719512095
0.764684975158298
0.764682763501848
0.764680561002426
0.76467836840412
0.764676186340136
0.764674015329822
0.76467185577689
0.764669707968784
0.764667572077191
0.764665448159609
0.764663336161941
0.764661235922007
0.764659147173911
0.764657069553162
0.764655002602446
0.764652945777962
0.764650898456205
0.764648859941116
0.764646829471484
0.764644806228526
0.764642789343535
0.764640777905549
0.764638770968946
0.764636767560892
0.764634766688619
0.764632767346446
0.764630768522532
0.764628769205309
0.764626768389578
0.764624765082241
0.764622758307671
0.764620747112695
0.764618730571201
0.764616707788361
0.764614677904483
0.764612640098509
0.764610593591146
0.764608537647673
0.764606471580427
0.764604394750971
0.764602306571997
0.764600206508942
0.764598094081363
0.764595968864081
0.764593830488101
0.764591678641341
0.764589513069169
0.764587333574784
0.764585140019416
0.764582932322405
0.764580710461134
0.764578474470833
0.764576224444265
0.764573960531308
0.764571682938418
0.764569391927993
0.764567087817628
0.764564770979286
0.764562441838345
0.764560100872559
0.764557748610918
0.76455538563239
0.764553012564572
0.764550630082224
0.764548238905694
0.764545839799233
0.764543433569197
0.764541021062127
0.764538603162721
0.764536180791692
0.764533754903503
0.76453132648401
0.764528896547978
0.764526466136511
0.764524036314384
0.76452160816728
0.764519182798965
0.764516761328382
0.764514344886694
0.764511934614292
0.76450953165776
0.764507137166837
0.764504752291377
0.764502378178319
0.764500015968701
0.764497666794711
0.764495331776806
0.76449301202092
0.764490708615748
0.764488422630159
0.764486155110716
0.76448390707934
0.764481679531121
0.764479473432274
0.764477289718273
0.764475129292152
0.764472993022977
0.764470881744508
0.764468796254037
0.764466737311423
0.764464705638285
0.764462701917412
0.764460726792323
0.764458780867011
0.764456864705855
0.764454978833698
0.764453123736065
0.764451299859548
0.764449507612296
0.764447747364667
0.764446019449964
0.7644443241653
0.764442661772549
0.764441032499374
0.764439436540348
0.764437874058122
0.764436345184651
0.764434850022471
0.764433388645997
0.764431961102855
0.764430567415232
0.764429207581218
0.764427881576172
0.764426589354057
0.764425330848775
0.764424105975481
0.764422914631868
0.764421756699417
0.764420632044625
0.764419540520178
0.764418481966099
0.76441745621083
0.764416463072285
0.764415502358844
0.764414573870297
0.764413677398733
0.764412812729379
0.764411979641385
0.764411177908553
0.764410407300012
0.764409667580843
0.764408958512645
0.764408279854057
0.764407631361217
0.764407012788189
0.764406423887322
0.764405864409583
0.764405334104824
0.764404832722022
0.764404360009474
0.764403915714945
0.764403499585793
