0
1.07296813337483
0.95343792809551
0.858194287189454
0.8313338319475
0.824987654728573
0.823444777282652
0.822770303958615
0.822274827243743
0.821830967334968
0.821409685931049
0.821000931752508
0.820598920067893
0.820199296707243
0.819798494619405
0.819393475318858
0.818981564763533
0.818560361863201
0.81812772620861
0.817681841255782
0.817221336418763
0.816745441474333
0.816254140803008
0.815748294744584
0.81522970094357
0.814701078124389
0.814165965596381
0.813628542490155
0.813093381207887
0.81256515959113
0.812048364614505
0.811547024738676
0.811064504780997
0.810603383638323
0.810165415434734
0.809751558999074
0.809362055736442
0.808996538956554
0.808654161662651
0.808333731559288
0.808033842677918
0.807752994257858
0.807489689788499
0.80724251190666
0.807010171550988
0.806791532123579
0.806585611405285
0.806391565680277
0.806208661861431
0.806036244099838
0.805873701117341
0.805720439246353
0.805575864166631
0.805439372124255
0.80531034955889
0.80518817890859
0.805072247976589
0.804961960471894
0.804856745912803
0.804756067762014
0.804659429272214
0.804566376978065
0.804476502058309
0.804389439934654
0.804304868513052
0.804222505449
0.804142104765274
0.80406345309113
0.803986365739645
0.803910682799838
0.80383626539215
0.803762992216363
0.803690756505443
0.80361946348274
0.803549028400085
0.80347937520903
0.803410435886228
0.803342150397487
0.803274467244478
0.803207344494708
0.803140751150952
0.803074668673274
0.803009092429186
0.802944032821912
0.80287951584216
0.802815582814876
0.802752289177227
0.802689702228489
0.802627897927364
0.802566956956758
0.802506960400508
0.80244798545159
0.802390101576205
0.802333367489622
0.802277829173125
0.802223519006078
0.802170455936953
0.802118646500395
0.802068086420517
0.802018762525881
0.801970654729902
0.801923737886361
0.801877983396491
0.801833360507957
0.801789837298019
0.801747381369223
0.80170596030629
0.801665541950081
0.801626094542373
0.80158758678753
0.801549987867039
0.801513267432666
0.801477395594924
0.801442342916369
0.801408080413974
0.80137457957138
0.801341812359775
0.80130975126516
0.801278369319542
0.801247640133699
0.801217537929613
0.801188037571119
0.801159114591744
0.801130745219163
0.801102906395983
0.801075575796779
0.801048731841498
0.801022353705409
0.800996421325849
0.800970915405977
0.800945817415798
0.800921109590635
0.800896774927245
0.800872797177705
0.800849160841204
0.800825851153818
0.800802854076373
0.800780156280436
0.800757745132536
0.800735608676655
0.800713735615084
0.800692115287713
0.800670737649855
0.800649593248717
0.80062867319862
0.800607969155117
0.800587473288158
0.800567178254432
0.800547077169095
0.800527163577023
0.800507431423814
0.800487875026678
0.800468489045463
0.800449268453973
0.800430208511776
0.800411304736697
0.800392552878175
0.80037394889165
0.800355488914154
0.80033716924124
0.800318986305414
0.800300936656163
0.800283016941716
0.80026522389262
0.80024755430721
0.800230005039045
0.800212572986343
0.800195255083469
0.80017804829448
0.800160949608735
0.800143956038557
0.800127064618933
0.800110272409194
0.800093576496648
0.800076974002073
0.800060462087015
0.800044037962768
0.800027698900941
0.800011442245492
0.799995265426047
0.799979165972382
0.799963141529856
0.799947189875602
0.799931308935254
0.799915496799966
0.799899751743472
0.799884072238884
0.799868456974978
0.799852904871635
0.799837415094128
0.79982198706596
0.79980662047995
0.799791315307235
0.799776071803956
0.799760890515346
0.799745772277016
0.799730718213258
0.799715729732249
0.799700808518078
0.799685956519595
0.799671175936146
0.799656469200306
0.799641838957816
0.799627288044975
0.799612819463813
0.79959843635539
0.79958414197165
0.799569939646272
0.799555832764955
0.799541824735633
0.799527918959046
0.799514118800136
0.799500427560637
0.799486848453271
0.799473384577814
0.799460038899335
0.799446814228767
0.799433713205996
0.799420738285487
0.799407891724522
0.799395175573979
0.799382591671589
0.799370141637544
0.799357826872305
0.799345648556421
0.799333607652178
0.79932170490685
0.799309940857355
0.799298315836098
0.799286829977791
0.799275483227074
0.799264275346735
0.799253205926385
0.799242274391424
0.799231480012181
0.799220821913105
0.799210299081939
0.799199910378755
0.799189654544835
0.79917953021131
0.799169535907564
0.799159670069319
0.799149931046446
0.799140317110448
0.799130826461634
0.799121457235978
0.799112207511677
0.799103075315401
0.799094058628256
0.799085155391473
0.799076363511828
0.799067680866801
0.799059105309495
0.799050634673319
0.799042266776446
0.799033999426045
0.799025830422316
0.799017757562313
0.799009778643566
0.799001891467516
0.798994093842752
0.798986383588072
0.798978758535347
0.798971216532216
0.798963755444587
0.798956373158975
0.798949067584665
0.798941836655684
0.798934678332627
0.798927590604297
0.798920571489192
0.798913619036824
0.798906731328886
0.798899906480257
0.798893142639868
0.79888643799142
0.798879790753959
0.798873199182323
0.798866661567457
0.798860176236611
0.798853741553419
0.798847355917868
0.798841017766171
0.798834725570535
0.798828477838849
0.798822273114285
0.798816109974823
0.798809987032713
0.798803902933867
0.798797856357201
0.798791846013929
0.798785870646808
0.798779929029346
0.798774019964988
0.798768142286263
0.798762294853921
0.798756476556046
0.79875068630716
0.798744923047325
0.798739185741235
0.798733473377313
0.79872778496681
0.79872211954292
0.798716476159892
0.79871085389217
0.798705251833536
0.798699669096286
0.798694104810418
0.798688558122839
0.79868302819661
0.798677514210203
0.798672015356792
0.798666530843573
0.798661059891113
0.798655601732723
0.798650155613875
0.798644720791636
0.798639296534148
0.798633882120132
0.798628476838426
0.798623079987558
0.798617690875354
0.798612308818579
0.798606933142608
0.798601563181131
0.798596198275905
0.798590837776517
0.798585481040202
0.798580127431678
0.798574776323028
0.798569427093607
0.798564079129982
0.798558731825912
0.798553384582348
0.798548036807485
0.798542687916824
0.798537337333282
0.798531984487325
0.798526628817138
0.79852126976882
0.798515906796615
0.798510539363171
0.798505166939821
0.798499789006912
0.798494405054135
0.798489014580906
0.798483617096766
0.798478212121796
0.798472799187076
0.79846737783515
0.798461947620526
0.798456508110188
0.798451058884132
0.798445599535924
0.79844012967326
0.798434648918559
0.798429156909556
0.798423653299901
0.798418137759789
0.798412609976564
0.798407069655344
0.798401516519648
0.798395950312009
0.798390370794588
0.798384777749772
0.79837917098077
0.798373550312176
0.798367915590532
0.798362266684848
0.798356603487104
0.798350925912723
0.798345233901001
0.798339527415504
0.79833380644442
0.798328071000865
0.798322321123138
0.798316556874922
0.798310778345435
0.798304985649508
0.798299178927611
0.798293358345818
0.798287524095684
0.798281676394082
0.79827581548294
0.798269941628928
0.798264055123063
0.798258156280243
0.798252245438708
0.798246322959432
0.798240389225439
0.798234444641059
0.798228489631109
0.798222524640017
0.79821655013088
0.798210566584468
0.798204574498178
0.798198574384936
0.798192566772051
0.798186552200043
0.798180531221425
0.798174504399465
0.798168472306928
0.79816243552479
0.798156394640965
0.798150350249001
0.798144302946802
0.798138253335345
0.798132202017414
0.798126149596356
0.798120096674863
0.798114043853777
0.798107991730942
0.798101940900084
0.798095891949741
0.798089845462243
0.798083802012733
0.798077762168255
0.798071726486884
0.798065695516932
0.798059669796189
0.798053649851253
0.798047636196902
0.798041629335534
0.798035629756671
0.798029637936525
0.798023654337621
0.798017679408483
0.79801171358338
0.798005757282121
0.797999810909922
0.797993874857302
0.797987949500052
0.797982035199244
0.797976132301276
0.797970241137979
0.797964362026751
0.797958495270731
0.797952641159011
0.79794679996688
0.797940971956093
0.797935157375173
0.797929356459729
0.797923569432802
0.797917796505226
0.797912037876008
0.797906293732718
0.797900564251892
0.797894849599443
0.797889149931079
0.797883465392734
0.797877796120986
0.797872142243493
0.797866503879412
0.797860881139836
0.797855274128209
0.797849682940747
0.797844107666851
0.797838548389514
0.797833005185715
0.797827478126811
0.797821967278919
0.797816472703284
0.797810994456638
0.797805532591544
0.797800087156743
0.797794658197467
0.79778924575576
0.797783849870773
0.797778470579053
0.797773107914816
0.797767761910212
0.797762432595572
0.797757119999647
0.797751824149828
0.797746545072364
0.797741282792554
0.797736037334945
0.797730808723499
0.79772559698176
0.797720402133012
0.797715224200415
0.797710063207143
0.797704919176498
0.797699792132033
0.797694682097643
0.797689589097665
0.797684513156961
0.79767945430099
0.797674412555883
0.797669387948496
0.797664380506467
0.797659390258258
0.797654417233196
0.797649461461506
0.797644522974337
0.797639601803782
0.797634697982894
0.797629811545699
0.7976249425272
0.797620090963378
0.797615256891193
