0
1.07527275246862
0.925196610994396
0.866231212160193
0.857437510346904
0.855089158143783
0.853902568978322
0.852956289167182
0.852095452231955
0.851293144291096
0.850543258970427
0.84984296457988
0.849189803252296
0.848581069409754
0.848013625486284
0.847483918998112
0.846988132754422
0.846522394427358
0.846082979103963
0.845666463765393
0.845269819050668
0.844890441870447
0.844526141725603
0.844175096765021
0.843835795356536
0.843506976712744
0.843187580566974
0.842876711545653
0.842573619438465
0.84227769284972
0.841988461359589
0.841705600529853
0.841428934580425
0.84115843278622
0.840894197072712
0.840636439667916
0.840385451051419
0.840141559990495
0.839905089149068
0.839676311236428
0.839455411348382
0.839242460584065
0.839037404178769
0.838840064775331
0.838650158853862
0.838467322466817
0.838291141642694
0.838121183070353
0.837957021620662
0.837798262490441
0.837644556934624
0.837495611499507
0.837351191325673
0.837211118477116
0.837075266429338
0.836943551872685
0.836815924907765
0.836692358567381
0.836572838427373
0.836457352894228
0.836345884601
0.836238403215986
0.836134859871181
0.836035183341104
0.835939278033734
0.835847023781793
0.835758277338131
0.835672875385967
0.835590638782981
0.835511377681468
0.835434897118471
0.835361002658227
0.835289505696697
0.835220228099307
0.835153005928608
0.835087692116068
0.835024158029432
0.83496229397414
0.834902008737475
0.834843228334038
0.834785894140544
0.834729960618428
0.834675392817312
0.834622163834517
0.834570252378967
0.834519640555622
0.834470311951893
0.834422250073476
0.834375437145786
0.834329853270816
0.834285475908861
0.834242279640774
0.834200236159018
0.834159314434064
0.834119481005394
0.834080700352186
0.834042935306295
0.834006147478199
0.833970297674285
0.833935346290665
0.833901253674242
0.833867980446113
0.833835487785489
0.833803737674499
0.833772693105649
0.833742318254478
0.833712578620379
0.833683441138688
0.833654874267088
0.83362684804922
0.833599334158232
0.833572305922678
0.83354573833704
0.833519608058813
0.833493893393899
0.833468574271878
0.833443632212428
0.833419050284112
0.83339481305648
0.833370906546405
0.833347318159385
0.833324036626519
0.83330105193776
0.83327835527204
0.833255938924804
0.833233796233503
0.833211921501577
0.833190309921464
0.833168957497189
0.833147860967072
0.833127017727114
0.833106425755603
0.83308608353949
0.833065990003028
0.833046144439189
0.833026546444284
0.833007195856197
0.832988092696568
0.832969237117222
0.832950629351041
0.832932269667448
0.832914158332556
0.832896295574016
0.832878681550496
0.832861316325681
0.832844199846634
0.832827331926278
0.832810712229787
0.83279434026454
0.83277821537339
0.832762336730868
0.832746703342013
0.832731314043474
0.832716167506561
0.832701262241902
0.832686596605404
0.832672168805219
0.832657976909442
0.832644018854294
0.832630292452555
0.832616795402075
0.832603525294174
0.83259047962179
0.832577655787289
0.832565051109826
0.832552662832205
0.832540488127206
0.832528524103375
0.832516767810248
0.832505216243086
0.832493866347098
0.832482715021246
0.832471759121656
0.832460995464715
0.832450420829903
0.832440031962433
0.83242982557575
0.832419798353954
0.832409946954187
0.832400268009034
0.832390758128984
0.832381413904941
0.832372231910861
0.832363208706463
0.832354340840079
0.832345624851581
0.832337057275424
0.832328634643753
0.83232035348959
0.832312210350046
0.832304201769548
0.832296324303078
0.832288574519356
0.832280949003986
0.832273444362511
0.832266057223378
0.832258784240785
0.832251622097397
0.832244567506912
0.832237617216482
0.832230768008971
0.832224016705035
0.832217360165051
0.832210795290873
0.832204319027411
0.832197928364067
0.832191620335996
0.832185392025238
0.83217924056169
0.832173163123958
0.832167156940085
0.832161219288164
0.832155347496851
0.832149538945789
0.83214379106595
0.832138101339913
0.83213246730208
0.832126886538847
0.832121356688743
0.832115875442543
0.832110440543362
0.832105049786755
0.832099701020816
0.832094392146294
0.832089121116741
0.832083885938687
0.832078684671863
0.832073515429482
0.832068376378566
0.832063265740365
0.832058181790825
0.832053122861162
0.832048087338514
0.832043073666686
0.832038080347002
0.832033105939253
0.83202814906276
0.832023208397539
0.832018282685576
0.832013370732214
0.832008471407651
0.832003583648535
0.831998706459667
0.831993838915791
0.831988980163472
0.831984129423056
0.831979285990681
0.831974449240342
0.831969618625993
0.831964793683653
0.83195997403351
0.831955159381986
0.831950349523755
0.831945544343658
0.83194074381852
0.831935948018802
0.831931157110086
0.831926371354325
0.831921591110857
0.831916816837122
0.83191204908905
0.831907288521096
0.831902535885876
0.831897792033376
0.831893057909708
0.831888334555381
0.831883623103075
0.831878924774897
0.831874240879107
0.831869572806324
0.831864922025199
0.83186029007759
0.831855678573239
0.831851089184006
0.831846523637678
0.831841983711412
0.83183747122488
0.831832988033158
0.831828536019448
0.831824117087704
0.831819733155254
0.831815386145474
0.831811077980643
0.831806810575011
0.831802585828204
0.83179840561901
0.831794271799619
0.831790186190383
0.831786150575122
0.83178216669701
0.831778236255068
0.831774360901237
0.831770542238052
0.831766781816833
0.831763081136404
0.831759441642219
0.831755864725878
0.831752351724901
0.831748903922714
0.831745522548712
0.831742208778344
0.831738963733105
0.831735788480351
0.831732684032872
0.831729651348151
0.831726691327257
0.831723804813328
0.831720992589653
0.8317182553773
0.831715593832365
0.831713008542805
0.831710500024965
0.831708068719791
0.831705714988849
0.831703439110191
0.83170124127416
0.831699121579219
0.83169708002788
0.83169511652282
0.831693230863261
0.831691422741671
0.831689691740877
0.831688037331608
0.831686458870549
0.83168495559891
0.831683526641548
0.831682171006671
0.831680887586094
0.831679675156079
0.831678532378722
0.831677457803894
0.831676449871684
0.831675506915347
0.831674627164689
0.831673808749897
0.831673049705738
0.83167234797613
0.831671701419
0.831671107811456
0.831670564855176
0.831670070182025
0.831669621359857
0.831669215898468
0.831668851255673
0.831668524843501
0.831668234034464
0.831667976167897
0.831667748556338
0.831667548491947
0.831667373252929
0.83166722010997
0.831667086332657
0.831666969195867
0.83166686598613
0.831666774007928
0.831666690589955
0.831666613091263
0.83166653890736
0.831666465476172
0.831666390283897
0.831666310870725
0.831666224836398
0.831666129845602
0.831666023633167
0.831665904009066
0.831665768863174
0.83166561616979
0.831665443991889
0.831665250485078
0.831665033901265
0.831664792591984
0.831664525011396
0.831664229718915
0.831663905381475
0.831663550775401
0.831663164787888
0.83166274641807
0.831662294777674
0.831661809091254
0.831661288696012
0.831660733041181
0.83166014168701
0.831659514303324
0.831658850667687
0.831658150663182
0.831657414275798
0.83165664159148
0.831655832792822
0.831654988155461
0.831654108044169
0.831653192908683
0.831652243279301
0.831651259762264
0.831650243034978
0.831649193841065
0.831648112985327
0.831647001328614
0.831645859782646
0.831644689304817
0.831643490893019
0.831642265580494
0.831641014430772
0.831639738532695
0.831638438995573
0.831637116944469
0.83163577351567
0.831634409852326
0.831633027100289
0.831631626404177
0.831630208903649
0.83162877572992
0.831627328002513
0.831625866826252
0.831624393288505
0.831622908456671
0.831621413375898
0.831619909067063
0.831618396524956
0.831616876716723
0.831615350580499
0.831613819024269
0.831612282924914
0.831610743127464
0.831609200444512
0.831607655655805
0.831606109507984
0.831604562714471
0.831603015955485
0.831601469878184
0.831599925096906
0.831598382193516
0.83159684171784
0.831595304188174
0.831593770091865
0.831592239885947
0.831590713997833
0.831589192826046
0.831587676740989
0.831586166085743
0.831584661176884
0.831583162305329
0.831581669737184
0.831580183714598
0.831578704456631
0.831577232160112
0.831575767000499
0.831574309132728
0.831572858692059
0.831571415794901
0.831569980539633
0.831568553007409
0.83156713326293
0.831565721355228
0.831564317318407
0.831562921172366
0.831561532923517
0.831560152565468
0.83155878007969
0.83155741543616
0.831556058593989
0.831554709502022
0.831553368099416
0.831552034316202
0.831550708073827
0.831549389285662
0.83154807785751
0.831546773688072
0.831545476669418
0.831544186687413
0.831542903622142
0.831541627348315
0.831540357735643
0.831539094649209
0.831537837949823
0.831536587494346
0.83153534313602
0.831534104724761
0.831532872107458
0.831531645128244
0.831530423628758
0.831529207448401
0.831527996424567
0.831526790392875
0.831525589187381
0.831524392640784
0.831523200584623
0.831522012849464
0.831520829265067
0.831519649660567
0.831518473864627
0.831517301705591
0.831516133011631
0.831514967610884
0.831513805331582
0.831512646002187
0.831511489451499
0.83151033550878
0.831509184003859
0.831508034767242
0.831506887630206
0.831505742424908
