0
1.07301774831824
0.977877412334156
0.931037000981775
0.91612914541332
0.911534697890037
0.909438689540753
0.908199303179476
0.907293674624745
0.906513047555554
0.905785037226819
0.905087089083725
0.904414134674055
0.903767589598768
0.903150752367972
0.902566282473812
0.902014839294145
0.901494660114662
0.901001857127878
0.900531145120973
0.900076711657231
0.899633003009683
0.899195282634845
0.898759897797589
0.898324262344789
0.89788663530203
0.897445833447218
0.897001028759609
0.896551726301953
0.896097914134646
0.895640280913512
0.895180363366814
0.894720528773063
0.894263782442262
0.893813462446999
0.893372909607482
0.89294518392769
0.892532864440796
0.892137939488761
0.891761777084161
0.891405158442551
0.891068356951393
0.890751245430917
0.89045341443666
0.890174283828072
0.889913190855676
0.889669442756233
0.889442330800032
0.889231113680287
0.889034986748495
0.888853055887271
0.888684329835936
0.888527735441151
0.888382151347405
0.888246450633492
0.88811954257489
0.888000406527619
0.887888114698411
0.887781843710137
0.887680876773977
0.887584599023746
0.887492488529079
0.887404105067734
0.88731907817992
0.887237095505574
0.887157891986636
0.88708124021455
0.887006942006263
0.886934821177483
0.886864717425867
0.886796481218676
0.886729969582372
0.886665042704493
0.886601561273082
0.886539384492268
0.886478368722745
0.88641836670301
0.886359227312323
0.886300795840386
0.8862429147327
0.886185424784779
0.886128166762342
0.886070983428161
0.886013721957799
0.885956236725285
0.885898392434728
0.885840067563812
0.885781158069233
0.885721581280847
0.885661279878841
0.885600225803706
0.885538423889827
0.885475914940065
0.885412777876835
0.885349130532473
0.885285128609094
0.885220962387669
0.885156850936889
0.88509303387846
0.885029761171195
0.88496728178843
0.884905832452167
0.884845627640017
0.884786851858714
0.884729654745367
0.884674149055555
0.884620411177406
0.884568483566844
0.88451837844167
0.88447008214701
0.884423559738106
0.884378759461349
0.884335616924338
0.884294058827503
0.884254006190649
0.884215377054537
0.884178088673551
0.884142059241098
0.884107209204688
0.884073462233543
0.88404074590027
0.88400899213209
0.88397813747885
0.883948123236553
0.883918895457272
0.883890404870003
0.883862606731907
0.883835460625653
0.883808930215845
0.883782982975339
0.883757589890873
0.883732725156079
0.883708365859093
0.883684491671036
0.88366108454095
0.883638128402002
0.883615608893078
0.883593513099204
0.883571829313444
0.883550546822288
0.883529655715725
0.883509146722545
0.88348901107072
0.883469240372062
0.883449826529836
0.883430761667539
0.883412038076681
0.883393648181188
0.883375584515886
0.883357839716513
0.883340406518796
0.883323277764217
0.883306446410396
0.883289905544201
0.883273648396021
0.883257668353949
0.88324195897685
0.88322651400565
0.883211327372359
0.883196393206575
0.883181705839434
0.883167259805038
0.883153049839574
0.883139070878361
0.883125318051142
0.883111786675922
0.883098472251699
0.883085370450387
0.883072477108208
0.88305978821684
0.883047299914495
0.883035008477143
0.883022910310015
0.883011001939489
0.882999280005437
0.8829877412541
0.88297638253148
0.882965200777298
0.88295419301947
0.882943356369091
0.882932688015903
0.882922185224192
0.882911845329078
0.88290166573316
0.882891643903447
0.882881777368571
0.882872063716195
0.882862500590613
0.882853085690486
0.8828438167667
0.882834691620283
0.882825708100411
0.882816864102432
0.882808157565912
0.882799586472702
0.882791148844976
0.882782842743287
0.882774666264576
0.882766617540174
0.882758694733773
0.882750896039379
0.882743219679227
0.882735663901685
0.88272822697913
0.882720907205804
0.882713702895672
0.882706612380242
0.882699634006405
0.882692766134258
0.882686007134931
0.882679355388421
0.882672809281428
0.882666367205213
0.882660027553464
0.882653788720165
0.882647649097504
0.882641607073784
0.882635661031351
0.882629809344542
0.88262405037765
0.882618382482896
0.882612803998413
0.882607313246241
0.882601908530314
0.882596588134453
0.882591350320342
0.882586193325495
0.882581115361199
0.882576114610421
0.882571189225679
0.882566337326874
0.882561556999054
0.882556846290118
0.882552203208453
0.882547625720471
0.882543111748073
0.882538659165997
0.882534265799075
0.882529929419351
0.882525647743106
0.882521418427733
0.882517239068506
0.882513107195202
0.882509020268612
0.882504975676917
0.88250097073196
0.88249700266541
0.88249306862483
0.882489165669692
0.882485290767323
0.88248144078885
0.882477612505148
0.882473802582837
0.882470007580384
0.882466223944335
0.882462448005746
0.882458675976861
0.882454903948115
0.882451127885504
0.88244734362841
0.882443546887947
0.882439733245898
0.88243589815432
0.882432036935887
0.882428144785045
0.88242421677005
0.882420247835934
0.882416232808495
0.882412166399298
0.882408043211813
0.882403857748629
0.882399604419844
0.882395277552593
0.882390871401724
0.882386380161619
0.88238179797911
0.882377118967466
0.882372337221393
0.882367446832973
0.882362441908484
0.882357316585994
0.882352065053643
0.882346681568505
0.882341160475919
0.882335496229169
0.882329683409398
0.882323716745611
0.882317591134665
0.882311301661102
0.882304843616693
0.882298212519591
0.882291404132942
0.882284414482861
0.882277239875645
0.882269876914122
0.882262322513041
0.882254573913418
0.882246628695725
0.882238484791907
0.882230140496095
0.882221594474023
0.882212845771075
0.882203893818917
0.882194738440725
0.882185379854964
0.88217581867772
0.882166055923587
0.882156093005114
0.882145931730825
0.882135574301832
0.882125023307063
0.882114281717143
0.882103352876945
0.882092240496864
0.882080948642856
0.882069481725272
0.88205784448656
0.882046041987873
0.88203407959466
0.882021962961293
0.882009698014807
0.881997290937838
0.881984748150828
0.881972076293586
0.881959282206323
0.88194637291021
0.881933355587607
0.881920237562033
0.881907026277977
0.881893729280685
0.881880354195977
0.881866908710227
0.881853400550579
0.881839837465502
0.881826227205742
0.881812577505784
0.881798896065851
0.881785190534534
0.881771468492082
0.88175773743442
0.881744004757904
0.881730277744878
0.881716563550019
0.881702869187522
0.881689201519103
0.881675567242852
0.881661972882921
0.881648424780043
0.881634929082894
0.881621491740255
0.881608118493991
0.881594814872815
0.881581586186828
0.881568437522812
0.881555373740259
0.88154239946812
0.881529519102237
0.881516736803465
0.88150405649643
0.881491481868923
0.881479016371894
0.881466663220032
0.881454425392903
0.881442305636615
0.881430306465996
0.881418430167262
0.881406678801122
0.881395054206339
0.881383558003681
0.881372191600257
0.881360956194205
0.881349852779695
0.881338882152256
0.881328044914342
0.881317341481168
0.881306772086753
0.881296336790156
0.88128603548188
0.881275867890416
0.881265833588907
0.881255932001897
0.881246162412164
0.881236523967592
0.881227015688064
0.881217636472386
0.881208385105181
0.881199260263761
0.881190260524968
0.881181384371939
0.881172630200817
0.881163996327374
0.881155480993541
0.881147082373836
0.881138798581691
0.881130627675656
0.881122567665475
0.881114616518058
0.881106772163299
0.881099032499782
0.881091395400345
0.881083858717507
0.881076420288776
0.881069077941801
0.881061829499416
0.881054672784534
0.881047605624924
0.881040625857854
0.881033731334607
0.881026919924883
0.881020189521069
0.881013538042393
0.881006963438963
0.881000463695682
0.880994036836052
0.880987680925864
0.880981394076764
0.880975174449712
0.880969020258319
0.88096292977207
0.880956901319418
0.880950933290766
0.880945024141322
0.880939172393813
0.880933376641089
0.880927635548562
0.880921947856534
0.880916312382359
0.880910728022455
0.880905193754179
0.880899708637513
0.880894271816615
0.880888882521175
0.880883540067613
0.880878243860087
0.880872993391321
0.880867788243257
0.880862628087499
0.880857512685584
0.880852441889051
0.880847415639319
0.880842433967372
0.88083749699326
0.8808326049254
0.880827758059702
0.880822956778512
0.880818201549377
0.880813492923648
0.880808831534924
0.880804218097337
0.880799653403706
0.880795138323568
0.880790673801072
0.880786260852794
0.880781900565451
0.880777594093542
0.880773342656932
0.880769147538398
0.880765010081148
0.880760931686321
0.880756913810517
0.880752957963323
0.880749065704913
0.880745238643677
0.880741478433934
0.880737786773744
0.880734165402805
0.880730616100472
0.880727140683904
0.880723741006354
0.880720418955596
0.880717176452512
0.880714015449846
0.880710937931112
0.880707945909676
0.880705041428012
0.880702226557107
0.880699503396052
0.880696874071768
0.880694340738891
0.880691905579788
0.880689570804692
0.880687338651951
0.88068521138834
0.880683191309452
0.880681280740098
0.880679482034722
0.880677797577762
0.880676229783932
0.880674781098374
0.880673453996615
0.880672250984289
0.880671174596522
0.880670227396938
0.880669411976163
0.880668730949755
0.880668186955425
0.880667782649448
0.880667520702102
0.880667403791998
0.880667434599106
0.880667615796317
