0
1.01605095745423
0.973545436801333
0.940297968379758
0.926351823187833
0.922782716437349
0.921306949676439
0.920235505895213
0.919322548664735
0.918520955686815
0.917814469081453
0.917192484646025
0.916644762911239
0.916160555021796
0.915729168084942
0.915340743928679
0.914986771187959
0.914660270581823
0.914355748143175
0.914069024936281
0.913797020404438
0.9135375334638
0.913289042670945
0.913050533794573
0.912821356591921
0.912601109589076
0.912389550320679
0.912186527848893
0.911991934087941
0.911805670417307
0.911627626251166
0.911457666598099
0.911295626116853
0.911141307670135
0.910994483839293
0.910854900257774
0.910722279943066
0.910596328060085
0.910476736742239
0.910363189737829
0.910255366747185
0.9101529473785
0.910055614686894
0.909963058281279
0.909874976994937
0.909791081123994
0.909711094246276
0.90963475464179
0.909561816344683
0.909492049863451
0.909425242610295
0.90936119908102
0.909299740823869
0.909240706229512
0.909183950166216
0.909129343474999
0.909076772330761
0.909026137468179
0.908977353266671
0.908930346688017
0.908885056063657
0.908841429736391
0.908799424572489
0.908759004373749
0.90872013823292
0.908682798887761
0.908646961136654
0.908612600380303
0.908579691348865
0.908548207062057
0.908518118053067
0.90848939186758
0.908461992829689
0.908435882049484
0.908411017634381
0.908387355058774
0.908364847644434
0.908343447106281
0.908323104123724
0.908303768905059
0.908285391720519
0.908267923387138
0.908251315695286
0.908235521772146
0.908220496381355
0.908206196160921
0.908192579803265
0.908179608182325
0.908167244433087
0.908155453989113
0.908144204583491
0.908133466218479
0.908123211108838
0.908113413603552
0.908104050090317
0.908095098886869
0.908086540122824
0.908078355615387
0.908070528741818
0.908063044311209
0.908055888437635
0.908049048416396
0.90804251260462
0.908036270307152
0.908030311668335
0.908024627569977
0.908019209535568
0.90801404964065
0.908009140429082
0.908004474834844
0.908000046109019
0.907995847751538
0.907991873447293
0.907988117006297
0.907984572307564
0.907981233246493
0.907978093685568
0.907975147408264
0.907972388076101
0.907969809188853
0.907967404047934
0.907965165723052
0.907963087022218
0.907961160465254
0.907959378260917
0.907957732287789
0.907956214079086
0.90795481481152
0.907953525298349
0.907952335986781
0.907951236959813
0.907950217942666
0.907949268313903
0.907948377121345
0.907947533102871
0.907946724712198
0.9079459401497
0.907945167398332
0.907944394264719
0.907943608425384
0.907942797478155
0.907941948998676
0.907941050601903
0.907940090008466
0.907939055115611
0.907937934072396
0.90793671535869
0.907935387867373
0.907933940989018
0.907932364698136
0.907930649639936
0.907928787216365
0.90792676967001
0.907924590164337
0.90792224285859
0.907919722975626
0.907917026860869
0.907914152030693
0.907911097208527
0.907907862347244
0.907904448636553
0.907900858494469
0.907897095542316
0.907893164563071
0.907889071443414
0.90788482310022
0.907880427392762
0.907875893022296
0.907871229421092
0.907866446633278
0.907861555190123
0.907856565982449
0.907851490132978
0.907846338871249
0.907841123413627
0.907835854850657
0.90783054404365
0.907825201532052
0.907819837452711
0.907814461471745
0.9078090827293
0.907803709797117
0.90779835064848
0.907793012639819
0.907787702503048
0.907782426347505
0.907777189670289
0.907771997373712
0.907766853788598
0.907761762702182
0.907756727389453
0.907751750646854
0.907746834827403
0.907741981876393
0.907737193366954
0.907732470534912
0.90772781431248
0.907723225360399
0.907718704098313
0.907714250733173
0.907709865285591
0.907705547614094
0.907701297437298
0.907697114354058
0.907692997861653
0.907688947372135
0.90768496222694
0.907681041709885
0.907677185058689
0.907673391475135
0.907669660134009
0.907665990190911
0.907662380789093
0.907658831065374
0.907655340155296
0.907651907197532
0.907648531337705
0.907645211731634
0.907641947548104
0.907638737971204
0.907635582202287
0.907632479461611
0.907629428989683
0.907626430048352
0.907623481921686
0.907620583916648
0.907617735363613
0.907614935616729
0.907612184054144
0.907609480078134
0.907606823115116
0.907604212615583
0.907601648053947
0.907599128928333
0.907596654760298
0.9075942250945
0.907591839498314
0.907589497561417
0.907587198895327
0.907584943132904
0.90758272992783
0.907580558954054
0.90757842990522
0.907576342494066
0.907574296451807
0.907572291527504
0.907570327487407
0.907568404114301
0.907566521206827
0.907564678578796
0.907562876058499
0.907561113488004
0.907559390722454
0.907557707629358
0.907556064087872
0.907554459988092
0.907552895230344
0.90755136972446
0.907549883389078
0.907548436150935
0.907547027944164
0.907545658709604
0.907544328394105
0.907543036949865
0.907541784333751
0.907540570506647
0.907539395432814
0.907538259079258
0.907537161415115
0.907536102411059
0.907535082038714
0.9075341002701
0.907533157077085
0.907532252430867
0.907531386301474
0.907530558657287
0.907529769464586
0.907529018687126
0.907528306285729
0.907527632217916
0.907526996437552
0.907526398894529
0.907525839534477
0.907525318298499
0.907524835122943
0.907524389939202
0.907523982673544
0.907523613246976
0.907523281575142
0.907522987568245
0.907522731131009
0.907522512162678
0.907522330557032
0.907522186202447
0.907522078981987
0.907522008773522
0.907521975449876
0.907521978879017
0.907522018924255
0.907522095444488
0.907522208294463
0.907522357325068
0.907522542383635
0.90752276331428
0.907523019958256
0.907523312154311
0.907523639739078
0.90752400254746
0.907524400413032
0.907524833168438
0.907525300645793
0.907525802677084
0.907526339094549
0.907526909731055
0.907527514420451
0.907528152997899
0.907528825300178
0.907529531165946
0.907530270435966
0.907531042953293
0.907531848563389
0.907532687114202
0.907533558456163
0.907534462442118
0.907535398927188
0.907536367768533
0.907537368825038
0.907538401956903
0.907539467025123
0.907540563890874
0.907541692414782
0.90754285245608
0.907544043871642
0.907545266514901
0.907546520234637
0.907547804873643
0.907549120267255
0.907550466241765
0.90755184261269
0.907553249182926
0.907554685740774
0.907556152057834
0.907557647886792
0.907559172959084
0.907560726982457
0.907562309638422
0.907563920579627
0.907565559427125
0.907567225767588
0.907568919150445
0.907570639084975
0.907572385037364
0.907574156427739
0.907575952627193
0.907577772954827
0.90757961667482
0.90758148299355
0.907583371056776
0.907585279946929
0.907587208680504
0.907589156205596
0.907591121399606
0.907593103067134
0.907595099938095
0.90759711066607
0.907599133826959
0.907601167917914
0.907603211356624
0.907605262480964
0.907607319549046
0.907609380739685
0.907611444153346
0.907613507813557
0.907615569668849
0.907617627595235
0.907619679399247
0.907621722821573
0.907623755541286
0.907625775180692
0.907627779310812
0.907629765457497
0.907631731108165
0.907633673719186
0.907635590723861
0.907637479541018
0.907639337584175
0.907641162271241
0.907642951034723
0.907644701332403
0.907646410658408
0.907648076554642
0.907649696622495
0.907651268534784
0.907652790047825
0.907654259013579
0.907655673391789
0.907657031262018
0.907658330835501
0.907659570466746
0.907660748664763
0.907661864103876
0.907662915633998
0.907663902290299
0.907664823302199
0.907665678101562
0.907666466330055
0.907667187845571
0.907667842727626
0.907668431281666
0.907668954042204
0.907669411774703
0.907669805476111
0.907670136374026
0.90767040592434
0.907670615807357
0.907670767922297
0.907670864380131
0.907670907494704
0.907670899772141
0.9076708438985
0.907670742725713
0.907670599255838
0.907670416623708
0.907670198078088
0.907669946961451
0.907669666688583
0.907669360724193
0.907669032559803
0.907668685690151
0.907668323589435
0.907667949687686
0.9076675673476
0.907667179842152
0.907666790333307
0.907666401852112
0.907666017280462
0.907665639334751
0.907665270551619
0.907664913275933
0.907664569651117
0.907664241611849
0.907663930879146
0.907663638957769
0.907663367135856
0.90766311648666
0.907662887872182
0.907662681948561
0.907662499172976
0.907662339811838
0.907662203950066
0.907662091501219
0.907662002218265
0.907661935704801
0.90766189142652
0.907661868722797
0.9076618668182
0.907661884833849
0.907661921798488
0.907661976659188
0.907662048291634
0.907662135509914
0.907662237075797
0.90766235170747
0.907662478087711
0.907662614871512
0.907662760693131
0.907662914172626
0.907663073921821
0.907663238549794
0.907663406667855
0.907663576894069
0.907663747857331
0.907663918201031
0.907664086586324
0.907664251695053
0.90766441223232
0.907664566928754
0.907664714542503
0.907664853860948
0.907664983702201
0.907665102916373
0.907665210386655
0.907665305030238
0.907665385799058
0.907665451680429
0.907665501697543
0.907665534909881
0.907665550413522
0.907665547341397
0.907665524863461
0.907665482186836
0.907665418555892
0.907665333252316
0.907665225595141
0.907665094940768
0.907664940682969
0.907664762252883
0.907664559119014
0.907664330787216
0.907664076800691
0.907663796739966
